id	type	origin	destination	demand
1	111	1	2	1365.9
2	111	1	3	407.4
3	111	1	4	861.4
4	111	1	5	354.4
5	111	1	6	545.1
6	111	1	7	431.5
7	111	1	8	1.0
8	111	1	9	56.8
9	111	1	10	75.3
10	111	1	11	1.0
11	111	1	12	37.9
12	111	1	13	48.5
13	111	1	14	1.0
14	111	1	15	185.9
15	111	1	16	12.1
16	111	1	17	81.1
17	111	1	18	126.6
18	111	1	19	67.2
19	111	1	20	382.4
20	111	1	21	101.6
21	111	1	22	71.7
22	111	1	23	25.8
23	111	1	24	21.1
24	111	1	25	665.1
25	111	1	26	29.0
26	111	1	27	18.9
27	111	1	28	75.9
28	111	1	29	139.1
29	111	1	30	119.1
30	111	1	31	295.6
31	111	1	32	85.9
32	111	1	33	74.3
33	111	1	34	96.4
34	111	1	35	53.6
35	111	1	36	37.9
36	111	1	37	13.7
37	111	1	38	107.7
38	111	2	1	1171.2
39	111	2	3	608.1
40	111	2	4	1271.4
41	111	2	5	542.3
42	111	2	6	808.4
43	111	2	7	629.1
44	111	2	8	1.0
45	111	2	9	74.9
46	111	2	10	87.3
47	111	2	11	1.0
48	111	2	12	48.1
49	111	2	13	63.9
50	111	2	14	1.0
51	111	2	15	566.3
52	111	2	16	22.0
53	111	2	17	107.5
54	111	2	18	213.9
55	111	2	19	101.1
56	111	2	20	511.1
57	111	2	21	156.8
58	111	2	22	105.2
59	111	2	23	39.0
60	111	2	24	47.6
61	111	2	25	942.1
62	111	2	26	51.8
63	111	2	27	27.7
64	111	2	28	111.9
65	111	2	29	194.1
66	111	2	30	194.8
67	111	2	31	329.9
68	111	2	32	95.1
69	111	2	33	79.1
70	111	2	34	134.9
71	111	2	35	81.3
72	111	2	36	55.1
73	111	2	37	19.6
74	111	2	38	166.9
75	111	3	1	721.1
76	111	3	2	1237.9
77	111	3	4	1107.9
78	111	3	5	386.6
79	111	3	6	582.8
80	111	3	7	457.9
81	111	3	8	1.0
82	111	3	9	57.1
83	111	3	10	62.4
84	111	3	11	1.0
85	111	3	12	33.4
86	111	3	13	37.2
87	111	3	14	1.0
88	111	3	15	241.6
89	111	3	16	15.6
90	111	3	17	102.6
91	111	3	18	159.1
92	111	3	19	71.1
93	111	3	20	385.6
94	111	3	21	109.6
95	111	3	22	78.1
96	111	3	23	25.1
97	111	3	24	32.8
98	111	3	25	687.5
99	111	3	26	27.3
100	111	3	27	21.4
101	111	3	28	82.9
102	111	3	29	109.6
103	111	3	30	132.1
104	111	3	31	234.5
105	111	3	32	69.9
106	111	3	33	61.1
107	111	3	34	101.6
108	111	3	35	58.7
109	111	3	36	43.4
110	111	3	37	13.6
111	111	3	38	116.9
112	111	4	1	1222.5
113	111	4	2	2106.7
114	111	4	3	938.6
115	111	4	5	665.9
116	111	4	6	988.8
117	111	4	7	769.8
118	111	4	8	1.0
119	111	4	9	91.6
120	111	4	10	108.6
121	111	4	11	1.0
122	111	4	12	47.8
123	111	4	13	61.0
124	111	4	14	1.0
125	111	4	15	651.9
126	111	4	16	27.7
127	111	4	17	166.3
128	111	4	18	297.6
129	111	4	19	155.6
130	111	4	20	601.6
131	111	4	21	191.1
132	111	4	22	132.6
133	111	4	23	37.8
134	111	4	24	62.4
135	111	4	25	881.0
136	111	4	26	53.6
137	111	4	27	36.1
138	111	4	28	107.7
139	111	4	29	179.9
140	111	4	30	301.6
141	111	4	31	508.9
142	111	4	32	119.4
143	111	4	33	94.3
144	111	4	34	167.5
145	111	4	35	98.7
146	111	4	36	74.6
147	111	4	37	21.7
148	111	4	38	199.9
149	111	5	1	243.4
150	111	5	2	419.2
151	111	5	3	145.3
152	111	5	4	311.6
153	111	5	6	195.6
154	111	5	7	158.7
155	111	5	8	1.0
156	111	5	9	19.8
157	111	5	10	21.3
158	111	5	11	1.0
159	111	5	12	6.8
160	111	5	13	13.6
161	111	5	14	1.0
162	111	5	15	71.6
163	111	5	16	4.4
164	111	5	17	31.3
165	111	5	18	46.9
166	111	5	19	31.8
167	111	5	20	166.6
168	111	5	21	48.7
169	111	5	22	24.8
170	111	5	23	15.3
171	111	5	24	7.8
172	111	5	25	184.7
173	111	5	26	7.5
174	111	5	27	5.1
175	111	5	28	22.2
176	111	5	29	41.6
177	111	5	30	57.1
178	111	5	31	109.7
179	111	5	32	24.6
180	111	5	33	22.6
181	111	5	34	45.7
182	111	5	35	21.6
183	111	5	36	11.4
184	111	5	37	7.0
185	111	5	38	38.5
186	111	6	1	637.4
187	111	6	2	1089.9
188	111	6	3	381.8
189	111	6	4	812.1
190	111	6	5	338.2
191	111	6	7	477.9
192	111	6	8	1.0
193	111	6	9	73.6
194	111	6	10	54.3
195	111	6	11	1.0
196	111	6	12	32.4
197	111	6	13	35.7
198	111	6	14	1.0
199	111	6	15	179.1
200	111	6	16	11.8
201	111	6	17	79.1
202	111	6	18	131.4
203	111	6	19	62.2
204	111	6	20	366.0
205	111	6	21	96.8
206	111	6	22	88.2
207	111	6	23	27.3
208	111	6	24	18.5
209	111	6	25	491.4
210	111	6	26	21.1
211	111	6	27	14.2
212	111	6	28	56.2
213	111	6	29	101.6
214	111	6	30	108.6
215	111	6	31	281.4
216	111	6	32	82.6
217	111	6	33	72.6
218	111	6	34	88.6
219	111	6	35	67.7
220	111	6	36	47.3
221	111	6	37	13.9
222	111	6	38	132.7
223	111	7	1	682.3
224	111	7	2	1191.8
225	111	7	3	431.1
226	111	7	4	883.4
227	111	7	5	379.6
228	111	7	6	646.4
229	111	7	8	1.0
230	111	7	9	63.3
231	111	7	10	74.6
232	111	7	11	1.0
233	111	7	12	35.8
234	111	7	13	33.9
235	111	7	14	1.0
236	111	7	15	172.3
237	111	7	16	12.7
238	111	7	17	72.4
239	111	7	18	111.0
240	111	7	19	69.6
241	111	7	20	352.2
242	111	7	21	107.4
243	111	7	22	93.1
244	111	7	23	25.8
245	111	7	24	26.8
246	111	7	25	478.0
247	111	7	26	29.3
248	111	7	27	16.0
249	111	7	28	61.6
250	111	7	29	101.9
251	111	7	30	139.8
252	111	7	31	295.2
253	111	7	32	86.4
254	111	7	33	73.4
255	111	7	34	92.4
256	111	7	35	72.4
257	111	7	36	55.6
258	111	7	37	9.7
259	111	7	38	156.9
260	111	8	1	44.3
261	111	8	2	95.3
262	111	8	3	1.3
263	111	8	4	28.1
264	111	8	5	26.6
265	111	8	6	33.8
266	111	8	7	35.8
267	111	8	9	13.8
268	111	8	10	1.5
269	111	8	11	1.0
270	111	8	12	1.5
271	111	8	13	7.0
272	111	8	14	1.0
273	111	8	15	49.8
274	111	8	16	2.0
275	111	8	17	23.0
276	111	8	18	31.5
277	111	8	19	14.4
278	111	8	20	63.1
279	111	8	21	12.8
280	111	8	22	7.8
281	111	8	23	1.0
282	111	8	24	1.8
283	111	8	25	45.8
284	111	8	26	1.3
285	111	8	27	1.6
286	111	8	28	6.9
287	111	8	29	17.4
288	111	8	30	17.1
289	111	8	31	51.6
290	111	8	32	7.4
291	111	8	33	19.3
292	111	8	34	5.1
293	111	8	35	6.3
294	111	8	36	1.3
295	111	8	37	1.0
296	111	8	38	41.8
297	111	9	1	198.6
298	111	9	2	293.5
299	111	9	3	132.6
300	111	9	4	201.4
301	111	9	5	75.9
302	111	9	6	157.6
303	111	9	7	99.3
304	111	9	8	1.0
305	111	9	10	49.8
306	111	9	11	1.0
307	111	9	12	7.8
308	111	9	13	3.1
309	111	9	14	1.0
310	111	9	15	1.0
311	111	9	16	3.8
312	111	9	17	21.6
313	111	9	18	38.8
314	111	9	19	17.3
315	111	9	20	97.1
316	111	9	21	58.4
317	111	9	22	51.4
318	111	9	23	26.3
319	111	9	24	21.1
320	111	9	25	236.4
321	111	9	26	26.3
322	111	9	27	7.6
323	111	9	28	23.8
324	111	9	29	42.6
325	111	9	30	63.0
326	111	9	31	59.1
327	111	9	32	43.8
328	111	9	33	8.5
329	111	9	34	41.4
330	111	9	35	31.3
331	111	9	36	43.1
332	111	9	37	7.1
333	111	9	38	44.1
334	111	10	1	12.3
335	111	10	2	21.1
336	111	10	3	9.5
337	111	10	4	13.1
338	111	10	5	5.8
339	111	10	6	11.1
340	111	10	7	5.8
341	111	10	8	1.0
342	111	10	9	1.0
343	111	10	11	1.0
344	111	10	12	1.8
345	111	10	13	1.0
346	111	10	14	1.0
347	111	10	15	1.0
348	111	10	16	1.0
349	111	10	17	1.0
350	111	10	18	2.5
351	111	10	19	1.8
352	111	10	20	1.0
353	111	10	21	4.6
354	111	10	22	3.0
355	111	10	23	1.0
356	111	10	24	2.0
357	111	10	25	12.5
358	111	10	26	2.3
359	111	10	27	1.8
360	111	10	28	2.8
361	111	10	29	2.0
362	111	10	30	4.0
363	111	10	31	3.3
364	111	10	32	3.3
365	111	10	33	1.0
366	111	10	34	2.0
367	111	10	35	2.5
368	111	10	36	2.3
369	111	10	37	1.3
370	111	10	38	3.8
371	111	11	1	35.8
372	111	11	2	58.8
373	111	11	3	22.8
374	111	11	4	45.8
375	111	11	5	12.0
376	111	11	6	14.8
377	111	11	7	21.1
378	111	11	8	1.0
379	111	11	9	1.0
380	111	11	10	17.8
381	111	11	12	2.0
382	111	11	13	5.5
383	111	11	14	1.0
384	111	11	15	12.0
385	111	11	16	1.0
386	111	11	17	11.0
387	111	11	18	1.0
388	111	11	19	9.0
389	111	11	20	25.3
390	111	11	21	8.5
391	111	11	22	4.0
392	111	11	23	1.0
393	111	11	24	4.8
394	111	11	25	51.5
395	111	11	26	8.8
396	111	11	27	1.8
397	111	11	28	11.8
398	111	11	29	18.0
399	111	11	30	11.8
400	111	11	31	25.1
401	111	11	32	5.5
402	111	11	33	1.0
403	111	11	34	16.3
404	111	11	35	3.3
405	111	11	36	4.6
406	111	11	37	1.5
407	111	11	38	7.8
408	111	12	1	35.2
409	111	12	2	61.4
410	111	12	3	19.8
411	111	12	4	44.7
412	111	12	5	15.9
413	111	12	6	23.2
414	111	12	7	17.3
415	111	12	8	1.0
416	111	12	9	2.6
417	111	12	10	7.1
418	111	12	11	1.0
419	111	12	13	5.3
420	111	12	14	1.0
421	111	12	15	17.1
422	111	12	16	1.8
423	111	12	17	7.1
424	111	12	18	12.8
425	111	12	19	6.9
426	111	12	20	32.0
427	111	12	21	11.4
428	111	12	22	5.7
429	111	12	23	1.0
430	111	12	24	1.5
431	111	12	25	59.2
432	111	12	26	3.3
433	111	12	27	1.8
434	111	12	28	8.0
435	111	12	29	12.3
436	111	12	30	11.1
437	111	12	31	21.1
438	111	12	32	5.0
439	111	12	33	6.3
440	111	12	34	8.1
441	111	12	35	5.1
442	111	12	36	1.5
443	111	12	37	1.3
444	111	12	38	11.3
445	111	13	1	1.0
446	111	13	2	1.0
447	111	13	3	1.0
448	111	13	4	1.0
449	111	13	5	1.0
450	111	13	6	1.0
451	111	13	7	1.0
452	111	13	8	1.0
453	111	13	9	1.0
454	111	13	10	1.0
455	111	13	11	1.0
456	111	13	12	1.0
457	111	13	14	1.0
458	111	13	15	1.0
459	111	13	16	1.0
460	111	13	17	1.0
461	111	13	18	1.0
462	111	13	19	1.0
463	111	13	20	1.0
464	111	13	21	1.0
465	111	13	22	1.0
466	111	13	23	1.0
467	111	13	24	1.0
468	111	13	25	1.0
469	111	13	26	1.0
470	111	13	27	1.0
471	111	13	28	1.0
472	111	13	29	1.0
473	111	13	30	1.0
474	111	13	31	1.0
475	111	13	32	1.0
476	111	13	33	1.0
477	111	13	34	1.0
478	111	13	35	1.0
479	111	13	36	1.0
480	111	13	37	1.0
481	111	13	38	1.0
482	111	14	1	9.8
483	111	14	2	16.8
484	111	14	3	9.0
485	111	14	4	14.3
486	111	14	5	4.5
487	111	14	6	5.8
488	111	14	7	4.3
489	111	14	8	1.0
490	111	14	9	1.0
491	111	14	10	1.5
492	111	14	11	1.0
493	111	14	12	1.5
494	111	14	13	1.0
495	111	14	15	1.0
496	111	14	16	1.5
497	111	14	17	1.0
498	111	14	18	1.0
499	111	14	19	1.3
500	111	14	20	1.0
501	111	14	21	3.3
502	111	14	22	1.5
503	111	14	23	1.0
504	111	14	24	2.8
505	111	14	25	11.3
506	111	14	26	2.5
507	111	14	27	1.5
508	111	14	28	2.0
509	111	14	29	1.0
510	111	14	30	4.5
511	111	14	31	3.5
512	111	14	32	2.0
513	111	14	33	1.0
514	111	14	34	1.8
515	111	14	35	1.3
516	111	14	36	1.8
517	111	14	37	1.3
518	111	14	38	2.8
519	111	15	1	33.8
520	111	15	2	61.8
521	111	15	3	33.3
522	111	15	4	51.5
523	111	15	5	16.8
524	111	15	6	21.8
525	111	15	7	14.3
526	111	15	8	1.0
527	111	15	9	1.0
528	111	15	10	7.3
529	111	15	11	1.0
530	111	15	12	2.8
531	111	15	13	1.3
532	111	15	14	1.0
533	111	15	16	1.8
534	111	15	17	1.0
535	111	15	18	1.0
536	111	15	19	5.0
537	111	15	20	1.0
538	111	15	21	11.5
539	111	15	22	7.3
540	111	15	23	1.0
541	111	15	24	9.5
542	111	15	25	35.0
543	111	15	26	7.8
544	111	15	27	2.3
545	111	15	28	6.3
546	111	15	29	4.0
547	111	15	30	15.5
548	111	15	31	12.0
549	111	15	32	5.8
550	111	15	33	1.0
551	111	15	34	7.0
552	111	15	35	4.8
553	111	15	36	5.0
554	111	15	37	1.5
555	111	15	38	11.3
556	111	16	1	17.4
557	111	16	2	29.2
558	111	16	3	11.6
559	111	16	4	22.6
560	111	16	5	11.3
561	111	16	6	11.1
562	111	16	7	8.0
563	111	16	8	1.0
564	111	16	9	1.3
565	111	16	10	1.0
566	111	16	11	1.0
567	111	16	12	1.0
568	111	16	13	1.6
569	111	16	14	1.0
570	111	16	15	12.8
571	111	16	17	6.0
572	111	16	18	6.8
573	111	16	19	4.6
574	111	16	20	13.6
575	111	16	21	5.3
576	111	16	22	4.7
577	111	16	23	1.0
578	111	16	24	1.0
579	111	16	25	24.2
580	111	16	26	1.3
581	111	16	27	1.0
582	111	16	28	5.2
583	111	16	29	5.2
584	111	16	30	5.3
585	111	16	31	11.3
586	111	16	32	3.0
587	111	16	33	3.1
588	111	16	34	4.7
589	111	16	35	3.1
590	111	16	36	1.3
591	111	16	37	1.0
592	111	16	38	4.4
593	111	17	1	55.3
594	111	17	2	88.3
595	111	17	3	58.0
596	111	17	4	86.0
597	111	17	5	31.1
598	111	17	6	33.8
599	111	17	7	21.5
600	111	17	8	1.0
601	111	17	9	1.0
602	111	17	10	7.3
603	111	17	11	1.0
604	111	17	12	3.6
605	111	17	13	1.8
606	111	17	14	1.0
607	111	17	15	1.0
608	111	17	16	1.6
609	111	17	18	5.8
610	111	17	19	9.1
611	111	17	20	24.8
612	111	17	21	15.3
613	111	17	22	11.3
614	111	17	23	1.0
615	111	17	24	8.8
616	111	17	25	56.5
617	111	17	26	8.0
618	111	17	27	3.0
619	111	17	28	9.0
620	111	17	29	7.1
621	111	17	30	21.0
622	111	17	31	16.8
623	111	17	32	9.8
624	111	17	33	3.5
625	111	17	34	11.1
626	111	17	35	8.0
627	111	17	36	12.0
628	111	17	37	1.5
629	111	17	38	11.6
630	111	18	1	181.1
631	111	18	2	311.6
632	111	18	3	201.8
633	111	18	4	334.7
634	111	18	5	136.8
635	111	18	6	135.4
636	111	18	7	109.2
637	111	18	8	1.0
638	111	18	9	11.8
639	111	18	10	39.6
640	111	18	11	1.0
641	111	18	12	15.3
642	111	18	13	11.1
643	111	18	14	1.0
644	111	18	15	49.3
645	111	18	16	9.6
646	111	18	17	11.5
647	111	18	19	54.4
648	111	18	20	204.1
649	111	18	21	68.7
650	111	18	22	41.4
651	111	18	23	1.3
652	111	18	24	29.3
653	111	18	25	214.4
654	111	18	26	33.3
655	111	18	27	13.3
656	111	18	28	41.8
657	111	18	29	41.6
658	111	18	30	152.3
659	111	18	31	131.4
660	111	18	32	41.2
661	111	18	33	19.1
662	111	18	34	71.4
663	111	18	35	33.8
664	111	18	36	41.8
665	111	18	37	4.8
666	111	18	38	67.6
667	111	19	1	58.1
668	111	19	2	96.8
669	111	19	3	44.8
670	111	19	4	97.2
671	111	19	5	39.7
672	111	19	6	47.3
673	111	19	7	36.9
674	111	19	8	1.0
675	111	19	9	16.1
676	111	19	10	11.1
677	111	19	11	1.0
678	111	19	12	3.8
679	111	19	13	7.1
680	111	19	14	1.0
681	111	19	15	34.8
682	111	19	16	2.6
683	111	19	17	21.3
684	111	19	18	36.4
685	111	19	20	97.6
686	111	19	21	26.4
687	111	19	22	14.7
688	111	19	23	12.0
689	111	19	24	3.8
690	111	19	25	101.2
691	111	19	26	3.5
692	111	19	27	4.5
693	111	19	28	11.3
694	111	19	29	21.2
695	111	19	30	31.8
696	111	19	31	42.7
697	111	19	32	13.2
698	111	19	33	12.5
699	111	19	34	27.7
700	111	19	35	15.4
701	111	19	36	8.8
702	111	19	37	5.6
703	111	19	38	27.1
704	111	20	1	25.5
705	111	20	2	57.8
706	111	20	3	1.0
707	111	20	4	31.1
708	111	20	5	25.3
709	111	20	6	18.1
710	111	20	7	25.3
711	111	20	8	1.0
712	111	20	9	7.1
713	111	20	10	2.5
714	111	20	11	1.0
715	111	20	12	1.5
716	111	20	13	4.6
717	111	20	14	1.0
718	111	20	15	32.8
719	111	20	16	2.3
720	111	20	17	7.0
721	111	20	18	13.5
722	111	20	19	15.3
723	111	20	21	14.3
724	111	20	22	6.1
725	111	20	23	1.0
726	111	20	24	1.8
727	111	20	25	24.3
728	111	20	26	1.0
729	111	20	27	1.3
730	111	20	28	5.3
731	111	20	29	12.8
732	111	20	30	39.6
733	111	20	31	53.8
734	111	20	32	4.8
735	111	20	33	12.8
736	111	20	34	9.6
737	111	20	35	6.1
738	111	20	36	1.0
739	111	20	37	1.0
740	111	20	38	33.3
741	111	21	1	141.9
742	111	21	2	261.1
743	111	21	3	71.5
744	111	21	4	173.8
745	111	21	5	103.4
746	111	21	6	136.0
747	111	21	7	137.5
748	111	21	8	1.0
749	111	21	9	42.3
750	111	21	10	32.3
751	111	21	11	1.0
752	111	21	12	11.3
753	111	21	13	21.9
754	111	21	14	1.0
755	111	21	15	109.6
756	111	21	16	7.4
757	111	21	17	44.3
758	111	21	18	93.9
759	111	21	19	51.7
760	111	21	20	311.2
761	111	21	22	46.6
762	111	21	23	1.3
763	111	21	24	12.9
764	111	21	25	211.6
765	111	21	26	11.8
766	111	21	27	7.4
767	111	21	28	33.3
768	111	21	29	61.9
769	111	21	30	81.8
770	111	21	31	136.5
771	111	21	32	29.9
772	111	21	33	32.9
773	111	21	34	69.8
774	111	21	35	36.7
775	111	21	36	18.8
776	111	21	37	3.1
777	111	21	38	91.4
778	111	22	1	86.0
779	111	22	2	151.8
780	111	22	3	53.6
781	111	22	4	112.8
782	111	22	5	64.1
783	111	22	6	89.4
784	111	22	7	74.9
785	111	22	8	1.0
786	111	22	9	21.5
787	111	22	10	18.6
788	111	22	11	1.0
789	111	22	12	6.4
790	111	22	13	11.1
791	111	22	14	1.0
792	111	22	15	52.3
793	111	22	16	4.3
794	111	22	17	21.3
795	111	22	18	32.9
796	111	22	19	27.3
797	111	22	20	124.5
798	111	22	21	45.6
799	111	22	23	11.1
800	111	22	24	7.5
801	111	22	25	136.4
802	111	22	26	8.0
803	111	22	27	5.1
804	111	22	28	18.7
805	111	22	29	31.9
806	111	22	30	39.0
807	111	22	31	89.6
808	111	22	32	19.6
809	111	22	33	17.8
810	111	22	34	36.1
811	111	22	35	25.2
812	111	22	36	17.6
813	111	22	37	5.6
814	111	22	38	53.8
815	111	23	1	119.2
816	111	23	2	197.1
817	111	23	3	56.9
818	111	23	4	116.0
819	111	23	5	53.2
820	111	23	6	109.6
821	111	23	7	66.7
822	111	23	8	1.0
823	111	23	9	11.8
824	111	23	10	11.6
825	111	23	11	1.0
826	111	23	12	4.1
827	111	23	13	7.4
828	111	23	14	1.0
829	111	23	15	41.9
830	111	23	16	3.1
831	111	23	17	9.8
832	111	23	18	47.8
833	111	23	19	17.4
834	111	23	20	82.1
835	111	23	21	51.7
836	111	23	22	37.6
837	111	23	24	6.3
838	111	23	25	157.2
839	111	23	26	6.0
840	111	23	27	4.4
841	111	23	28	12.9
842	111	23	29	22.5
843	111	23	30	47.8
844	111	23	31	59.7
845	111	23	32	21.9
846	111	23	33	18.1
847	111	23	34	23.4
848	111	23	35	21.9
849	111	23	36	11.3
850	111	23	37	5.8
851	111	23	38	55.3
852	111	24	1	29.8
853	111	24	2	51.3
854	111	24	3	29.8
855	111	24	4	44.3
856	111	24	5	13.6
857	111	24	6	18.5
858	111	24	7	12.3
859	111	24	8	1.0
860	111	24	9	1.0
861	111	24	10	9.8
862	111	24	11	1.0
863	111	24	12	4.1
864	111	24	13	1.8
865	111	24	14	1.0
866	111	24	15	1.0
867	111	24	16	1.0
868	111	24	17	1.0
869	111	24	18	1.5
870	111	24	19	4.3
871	111	24	20	4.0
872	111	24	21	8.6
873	111	24	22	5.8
874	111	24	23	1.0
875	111	24	25	39.5
876	111	24	26	11.5
877	111	24	27	3.5
878	111	24	28	5.3
879	111	24	29	4.1
880	111	24	30	15.5
881	111	24	31	12.1
882	111	24	32	9.1
883	111	24	33	1.0
884	111	24	34	6.8
885	111	24	35	4.6
886	111	24	36	6.8
887	111	24	37	1.8
888	111	24	38	6.8
889	111	25	1	796.8
890	111	25	2	1232.3
891	111	25	3	819.0
892	111	25	4	1232.4
893	111	25	5	333.6
894	111	25	6	517.8
895	111	25	7	283.8
896	111	25	8	1.0
897	111	25	9	1.0
898	111	25	10	91.8
899	111	25	11	1.0
900	111	25	12	54.3
901	111	25	13	37.5
902	111	25	14	1.0
903	111	25	15	359.8
904	111	25	16	18.3
905	111	25	17	1.5
906	111	25	18	131.3
907	111	25	19	82.3
908	111	25	20	292.6
909	111	25	21	229.1
910	111	25	22	163.3
911	111	25	23	31.5
912	111	25	24	123.5
913	111	25	26	154.5
914	111	25	27	48.9
915	111	25	28	171.8
916	111	25	29	117.5
917	111	25	30	195.3
918	111	25	31	211.1
919	111	25	32	191.6
920	111	25	33	49.3
921	111	25	34	142.4
922	111	25	35	111.6
923	111	25	36	159.8
924	111	25	37	26.1
925	111	25	38	137.8
926	111	26	1	244.6
927	111	26	2	383.6
928	111	26	3	241.8
929	111	26	4	372.0
930	111	26	5	101.9
931	111	26	6	155.7
932	111	26	7	92.4
933	111	26	8	1.0
934	111	26	9	2.1
935	111	26	10	38.4
936	111	26	11	1.0
937	111	26	12	19.6
938	111	26	13	15.4
939	111	26	14	1.0
940	111	26	15	18.6
941	111	26	16	5.6
942	111	26	17	6.6
943	111	26	18	41.6
944	111	26	19	29.1
945	111	26	20	122.3
946	111	26	21	66.0
947	111	26	22	47.6
948	111	26	23	4.3
949	111	26	24	31.6
950	111	26	25	419.6
951	111	26	27	13.1
952	111	26	28	55.4
953	111	26	29	49.8
954	111	26	30	58.6
955	111	26	31	61.2
956	111	26	32	59.0
957	111	26	33	28.3
958	111	26	34	47.4
959	111	26	35	34.6
960	111	26	36	51.6
961	111	26	37	6.8
962	111	26	38	45.8
963	111	27	1	39.3
964	111	27	2	64.1
965	111	27	3	33.8
966	111	27	4	54.9
967	111	27	5	22.8
968	111	27	6	33.4
969	111	27	7	22.2
970	111	27	8	1.0
971	111	27	9	1.0
972	111	27	10	7.0
973	111	27	11	1.0
974	111	27	12	3.3
975	111	27	13	2.5
976	111	27	14	1.0
977	111	27	15	8.8
978	111	27	16	1.0
979	111	27	17	3.6
980	111	27	18	11.5
981	111	27	19	5.8
982	111	27	20	14.9
983	111	27	21	12.3
984	111	27	22	7.9
985	111	27	23	1.0
986	111	27	24	6.5
987	111	27	25	67.0
988	111	27	26	7.8
989	111	27	28	9.1
990	111	27	29	8.6
991	111	27	30	18.8
992	111	27	31	22.1
993	111	27	32	11.3
994	111	27	33	4.6
995	111	27	34	11.2
996	111	27	35	7.6
997	111	27	36	7.8
998	111	27	37	1.3
999	111	27	38	9.9
1000	111	28	1	135.4
1001	111	28	2	238.8
1002	111	28	3	89.3
1003	111	28	4	179.4
1004	111	28	5	78.1
1005	111	28	6	116.3
1006	111	28	7	86.7
1007	111	28	8	1.0
1008	111	28	9	24.1
1009	111	28	10	26.6
1010	111	28	11	1.0
1011	111	28	12	9.8
1012	111	28	13	15.1
1013	111	28	14	1.0
1014	111	28	15	75.8
1015	111	28	16	6.3
1016	111	28	17	34.3
1017	111	28	18	43.3
1018	111	28	19	24.1
1019	111	28	20	102.5
1020	111	28	21	38.6
1021	111	28	22	25.1
1022	111	28	23	19.8
1023	111	28	24	14.1
1024	111	28	25	257.4
1025	111	28	26	16.1
1026	111	28	27	7.6
1027	111	28	29	51.4
1028	111	28	30	59.3
1029	111	28	31	116.1
1030	111	28	32	34.3
1031	111	28	33	26.6
1032	111	28	34	41.0
1033	111	28	35	25.4
1034	111	28	36	17.6
1035	111	28	37	1.8
1036	111	28	38	42.1
1037	111	29	1	91.6
1038	111	29	2	132.6
1039	111	29	3	55.0
1040	111	29	4	95.1
1041	111	29	5	36.3
1042	111	29	6	88.3
1043	111	29	7	41.6
1044	111	29	8	1.0
1045	111	29	9	6.1
1046	111	29	10	2.0
1047	111	29	11	1.0
1048	111	29	12	3.5
1049	111	29	13	7.6
1050	111	29	14	1.0
1051	111	29	15	21.5
1052	111	29	16	1.8
1053	111	29	17	5.8
1054	111	29	18	46.9
1055	111	29	19	8.3
1056	111	29	20	52.1
1057	111	29	21	27.4
1058	111	29	22	28.2
1059	111	29	23	19.3
1060	111	29	24	1.0
1061	111	29	25	191.9
1062	111	29	26	2.0
1063	111	29	27	3.8
1064	111	29	28	11.6
1065	111	29	30	17.3
1066	111	29	31	34.1
1067	111	29	32	24.4
1068	111	29	33	21.5
1069	111	29	34	11.9
1070	111	29	35	15.6
1071	111	29	36	11.3
1072	111	29	37	7.8
1073	111	29	38	16.6
1074	111	30	1	143.3
1075	111	30	2	314.5
1076	111	30	3	89.1
1077	111	30	4	219.3
1078	111	30	5	131.1
1079	111	30	6	105.9
1080	111	30	7	106.3
1081	111	30	8	1.0
1082	111	30	9	21.6
1083	111	30	10	59.3
1084	111	30	11	1.0
1085	111	30	12	11.6
1086	111	30	13	14.1
1087	111	30	14	1.0
1088	111	30	15	195.8
1089	111	30	16	9.9
1090	111	30	17	67.8
1091	111	30	18	51.0
1092	111	30	19	56.4
1093	111	30	20	259.5
1094	111	30	21	76.6
1095	111	30	22	39.4
1096	111	30	23	1.3
1097	111	30	24	27.6
1098	111	30	25	233.6
1099	111	30	26	19.8
1100	111	30	27	9.4
1101	111	30	28	41.8
1102	111	30	29	48.6
1103	111	30	31	246.4
1104	111	30	32	36.6
1105	111	30	33	37.8
1106	111	30	34	75.9
1107	111	30	35	34.9
1108	111	30	36	15.8
1109	111	30	37	2.4
1110	111	30	38	128.1
1111	111	31	1	248.7
1112	111	31	2	416.3
1113	111	31	3	178.1
1114	111	31	4	332.5
1115	111	31	5	135.6
1116	111	31	6	203.3
1117	111	31	7	148.4
1118	111	31	8	1.0
1119	111	31	9	35.4
1120	111	31	10	51.1
1121	111	31	11	1.0
1122	111	31	12	16.6
1123	111	31	13	23.9
1124	111	31	14	1.0
1125	111	31	15	111.9
1126	111	31	16	9.4
1127	111	31	17	47.1
1128	111	31	18	91.4
1129	111	31	19	51.1
1130	111	31	20	261.4
1131	111	31	21	93.1
1132	111	31	22	65.7
1133	111	31	23	13.3
1134	111	31	24	25.9
1135	111	31	25	408.6
1136	111	31	26	29.8
1137	111	31	27	13.4
1138	111	31	28	55.6
1139	111	31	29	74.2
1140	111	31	30	119.3
1141	111	31	32	64.2
1142	111	31	33	39.8
1143	111	31	34	82.9
1144	111	31	35	52.8
1145	111	31	36	38.5
1146	111	31	37	9.4
1147	111	31	38	87.1
1148	111	32	1	141.2
1149	111	32	2	241.5
1150	111	32	3	102.1
1151	111	32	4	191.7
1152	111	32	5	79.7
1153	111	32	6	114.7
1154	111	32	7	85.5
1155	111	32	8	1.0
1156	111	32	9	21.3
1157	111	32	10	31.8
1158	111	32	11	1.0
1159	111	32	12	9.9
1160	111	32	13	12.9
1161	111	32	14	1.0
1162	111	32	15	43.9
1163	111	32	16	5.3
1164	111	32	17	23.3
1165	111	32	18	44.6
1166	111	32	19	23.0
1167	111	32	20	87.6
1168	111	32	21	53.9
1169	111	32	22	33.7
1170	111	32	23	13.6
1171	111	32	24	11.8
1172	111	32	25	217.3
1173	111	32	26	18.8
1174	111	32	27	9.6
1175	111	32	28	32.6
1176	111	32	29	46.8
1177	111	32	30	67.8
1178	111	32	31	103.0
1179	111	32	33	23.6
1180	111	32	34	41.1
1181	111	32	35	31.8
1182	111	32	36	28.4
1183	111	32	37	7.1
1184	111	32	38	54.0
1185	111	33	1	131.2
1186	111	33	2	221.4
1187	111	33	3	71.6
1188	111	33	4	134.9
1189	111	33	5	53.7
1190	111	33	6	101.9
1191	111	33	7	82.0
1192	111	33	8	1.0
1193	111	33	9	23.9
1194	111	33	10	32.6
1195	111	33	11	1.0
1196	111	33	12	9.4
1197	111	33	13	13.4
1198	111	33	14	1.0
1199	111	33	15	43.0
1200	111	33	16	5.1
1201	111	33	17	16.3
1202	111	33	18	25.6
1203	111	33	19	21.4
1204	111	33	20	116.1
1205	111	33	21	35.9
1206	111	33	22	31.7
1207	111	33	23	7.0
1208	111	33	24	11.6
1209	111	33	25	151.1
1210	111	33	26	15.6
1211	111	33	27	8.4
1212	111	33	28	28.6
1213	111	33	29	47.1
1214	111	33	30	64.6
1215	111	33	31	88.4
1216	111	33	32	31.9
1217	111	33	34	43.2
1218	111	33	35	31.3
1219	111	33	36	27.1
1220	111	33	37	5.3
1221	111	33	38	47.9
1222	111	34	1	256.3
1223	111	34	2	507.2
1224	111	34	3	136.8
1225	111	34	4	388.4
1226	111	34	5	206.3
1227	111	34	6	181.2
1228	111	34	7	208.4
1229	111	34	8	1.0
1230	111	34	9	77.8
1231	111	34	10	57.1
1232	111	34	11	1.0
1233	111	34	12	32.9
1234	111	34	13	38.1
1235	111	34	14	1.0
1236	111	34	15	221.1
1237	111	34	16	13.6
1238	111	34	17	102.5
1239	111	34	18	145.3
1240	111	34	19	121.2
1241	111	34	20	571.6
1242	111	34	21	131.4
1243	111	34	22	68.6
1244	111	34	23	1.8
1245	111	34	24	26.8
1246	111	34	25	321.6
1247	111	34	26	23.3
1248	111	34	27	17.1
1249	111	34	28	81.7
1250	111	34	29	151.9
1251	111	34	30	281.6
1252	111	34	31	428.9
1253	111	34	32	68.6
1254	111	34	33	95.1
1255	111	34	35	74.8
1256	111	34	36	41.3
1257	111	34	37	4.3
1258	111	34	38	234.6
1259	111	35	1	146.2
1260	111	35	2	247.5
1261	111	35	3	93.5
1262	111	35	4	156.8
1263	111	35	5	68.1
1264	111	35	6	121.7
1265	111	35	7	82.4
1266	111	35	8	1.0
1267	111	35	9	6.8
1268	111	35	10	32.5
1269	111	35	11	1.0
1270	111	35	12	8.4
1271	111	35	13	6.6
1272	111	35	14	1.0
1273	111	35	15	26.6
1274	111	35	16	4.8
1275	111	35	17	11.1
1276	111	35	18	37.8
1277	111	35	19	29.2
1278	111	35	20	132.3
1279	111	35	21	67.9
1280	111	35	22	41.7
1281	111	35	23	12.6
1282	111	35	24	17.1
1283	111	35	25	154.2
1284	111	35	26	19.5
1285	111	35	27	7.4
1286	111	35	28	29.4
1287	111	35	29	31.9
1288	111	35	30	71.9
1289	111	35	31	89.1
1290	111	35	32	39.1
1291	111	35	33	19.8
1292	111	35	34	41.7
1293	111	35	36	34.6
1294	111	35	37	7.5
1295	111	35	38	63.8
1296	111	36	1	59.4
1297	111	36	2	111.9
1298	111	36	3	19.3
1299	111	36	4	53.5
1300	111	36	5	29.0
1301	111	36	6	42.8
1302	111	36	7	44.6
1303	111	36	8	1.0
1304	111	36	9	12.9
1305	111	36	10	5.0
1306	111	36	11	1.0
1307	111	36	12	3.1
1308	111	36	13	7.9
1309	111	36	14	1.0
1310	111	36	15	39.3
1311	111	36	16	1.6
1312	111	36	17	13.3
1313	111	36	18	24.3
1314	111	36	19	17.3
1315	111	36	20	95.3
1316	111	36	21	18.1
1317	111	36	22	11.9
1318	111	36	23	1.3
1319	111	36	24	2.3
1320	111	36	25	61.6
1321	111	36	26	1.0
1322	111	36	27	2.3
1323	111	36	28	13.4
1324	111	36	29	24.4
1325	111	36	30	39.0
1326	111	36	31	61.1
1327	111	36	32	13.1
1328	111	36	33	26.6
1329	111	36	34	16.6
1330	111	36	35	14.0
1331	111	36	37	1.3
1332	111	36	38	41.3
1333	111	37	1	19.8
1334	111	37	2	31.8
1335	111	37	3	21.3
1336	111	37	4	34.1
1337	111	37	5	12.6
1338	111	37	6	14.6
1339	111	37	7	12.1
1340	111	37	8	1.0
1341	111	37	9	6.8
1342	111	37	10	3.0
1343	111	37	11	1.0
1344	111	37	12	1.1
1345	111	37	13	2.0
1346	111	37	14	1.0
1347	111	37	15	6.3
1348	111	37	16	1.8
1349	111	37	17	4.3
1350	111	37	18	2.0
1351	111	37	19	6.3
1352	111	37	20	23.8
1353	111	37	21	8.1
1354	111	37	22	5.8
1355	111	37	23	1.0
1356	111	37	24	3.3
1357	111	37	25	27.3
1358	111	37	26	4.5
1359	111	37	27	1.8
1360	111	37	28	5.8
1361	111	37	29	8.1
1362	111	37	30	11.0
1363	111	37	31	16.1
1364	111	37	32	5.6
1365	111	37	33	1.3
1366	111	37	34	13.1
1367	111	37	35	5.6
1368	111	37	36	6.5
1369	111	37	38	6.0
1370	111	38	1	111.2
1371	111	38	2	192.6
1372	111	38	3	55.3
1373	111	38	4	112.7
1374	111	38	5	51.4
1375	111	38	6	89.2
1376	111	38	7	71.1
1377	111	38	8	1.0
1378	111	38	9	19.6
1379	111	38	10	17.6
1380	111	38	11	1.0
1381	111	38	12	6.4
1382	111	38	13	9.4
1383	111	38	14	1.0
1384	111	38	15	43.8
1385	111	38	16	4.9
1386	111	38	17	17.3
1387	111	38	18	38.9
1388	111	38	19	27.3
1389	111	38	20	106.2
1390	111	38	21	42.1
1391	111	38	22	29.4
1392	111	38	23	1.0
1393	111	38	24	11.1
1394	111	38	25	121.7
1395	111	38	26	11.1
1396	111	38	27	6.6
1397	111	38	28	18.6
1398	111	38	29	27.2
1399	111	38	30	57.3
1400	111	38	31	84.2
1401	111	38	32	25.1
1402	111	38	33	24.6
1403	111	38	34	31.1
1404	111	38	35	21.4
1405	111	38	36	19.1
1406	111	38	37	2.3
