id	type	origin	destination	demand
1	111	2	59	14.0
2	111	3	1	4.0
3	111	3	2	38.0
4	111	3	4	39.0
5	111	3	5	38.0
6	111	3	6	5.0
7	111	3	7	124.0
8	111	3	24	83.0
9	111	3	26	38.0
10	111	3	30	38.0
11	111	3	42	36.0
12	111	3	47	5.0
13	111	3	55	40.0
14	111	3	58	41.0
15	111	3	59	18.0
16	111	3	60	40.0
17	111	3	67	37.0
18	111	3	72	5.0
19	111	3	81	36.0
20	111	3	84	79.0
21	111	3	85	37.0
22	111	3	89	37.0
23	111	3	98	170.0
24	111	3	99	39.0
25	111	3	102	5.0
26	111	3	103	210.0
27	111	3	104	2.0
28	111	3	105	38.0
29	111	3	106	38.0
30	111	3	111	44.0
31	111	3	112	95.0
32	111	3	114	94.0
33	111	3	139	37.0
34	111	3	146	38.0
35	111	3	147	39.0
36	111	4	6	38.0
37	111	4	24	37.0
38	111	4	30	10.0
39	111	4	52	40.0
40	111	4	80	37.0
41	111	4	85	37.0
42	111	4	95	37.0
43	111	4	99	39.0
44	111	4	100	40.0
45	111	4	103	39.0
46	111	4	105	39.0
47	111	4	114	95.0
48	111	4	146	38.0
49	111	4	147	84.0
50	111	5	3	6.0
51	111	5	4	85.0
52	111	5	8	46.0
53	111	5	12	53.0
54	111	5	25	43.0
55	111	5	55	47.0
56	111	5	59	14.0
57	111	5	72	6.0
58	111	5	74	45.0
59	111	5	85	43.0
60	111	5	86	42.0
61	111	5	97	45.0
62	111	5	100	46.0
63	111	5	104	13.0
64	111	5	106	85.0
65	111	5	113	51.0
66	111	6	7	38.0
67	111	6	81	37.0
68	111	6	104	39.0
69	111	6	132	36.0
70	111	7	1	45.0
71	111	7	3	45.0
72	111	7	30	45.0
73	111	7	38	44.0
74	111	7	50	6.0
75	111	7	94	42.0
76	111	7	96	90.0
77	111	7	97	46.0
78	111	7	98	11.0
79	111	7	99	46.0
80	111	7	100	46.0
81	111	7	104	13.0
82	111	7	105	45.0
83	111	7	106	45.0
84	111	7	107	6.0
85	111	7	109	6.0
86	111	7	114	51.0
87	111	7	126	46.0
88	111	7	146	44.0
89	111	8	1	46.0
90	111	8	7	6.0
91	111	8	30	44.0
92	111	8	49	46.0
93	111	8	58	94.0
94	111	8	59	24.0
95	111	8	100	46.0
96	111	8	104	12.0
97	111	8	147	46.0
98	111	9	3	39.0
99	111	9	98	38.0
100	111	9	100	40.0
101	111	9	106	5.0
102	111	10	1	6.0
103	111	10	2	7.0
104	111	10	9	9.0
105	111	10	26	27.0
106	111	10	30	9.0
107	111	10	59	3.0
108	111	10	60	8.0
109	111	10	98	7.0
110	111	10	100	9.0
111	111	10	101	8.0
112	111	10	102	9.0
113	111	10	104	8.0
114	111	10	114	20.0
115	111	11	1	4.0
116	111	11	2	6.0
117	111	11	3	13.0
118	111	11	4	12.0
119	111	11	5	10.0
120	111	11	6	14.0
121	111	11	7	12.0
122	111	11	8	18.0
123	111	11	9	50.0
124	111	11	10	23.0
125	111	11	12	51.0
126	111	11	13	9.0
127	111	11	14	8.0
128	111	11	15	9.0
129	111	11	17	7.0
130	111	11	18	8.0
131	111	11	19	17.0
132	111	11	23	6.0
133	111	11	24	13.0
134	111	11	25	37.0
135	111	11	26	31.0
136	111	11	27	19.0
137	111	11	29	6.0
138	111	11	30	32.0
139	111	11	31	25.0
140	111	11	35	7.0
141	111	11	38	6.0
142	111	11	39	5.0
143	111	11	45	6.0
144	111	11	47	17.0
145	111	11	49	11.0
146	111	11	54	12.0
147	111	11	55	6.0
148	111	11	58	11.0
149	111	11	59	32.0
150	111	11	62	4.0
151	111	11	65	7.0
152	111	11	67	6.0
153	111	11	76	6.0
154	111	11	77	7.0
155	111	11	82	5.0
156	111	11	84	38.0
157	111	11	86	6.0
158	111	11	90	6.0
159	111	11	95	7.0
160	111	11	96	11.0
161	111	11	97	11.0
162	111	11	98	13.0
163	111	11	99	17.0
164	111	11	100	24.0
165	111	11	101	12.0
166	111	11	102	18.0
167	111	11	103	61.0
168	111	11	104	27.0
169	111	11	105	7.0
170	111	11	107	14.0
171	111	11	109	7.0
172	111	11	113	13.0
173	111	11	114	49.0
174	111	11	116	7.0
175	111	11	117	14.0
176	111	11	120	14.0
177	111	11	135	7.0
178	111	11	141	13.0
179	111	11	147	45.0
180	111	12	1	6.0
181	111	12	2	19.0
182	111	12	3	6.0
183	111	12	4	5.0
184	111	12	5	12.0
185	111	12	6	7.0
186	111	12	7	12.0
187	111	12	8	8.0
188	111	12	9	13.0
189	111	12	11	25.0
190	111	12	14	9.0
191	111	12	16	8.0
192	111	12	18	7.0
193	111	12	19	9.0
194	111	12	25	6.0
195	111	12	27	17.0
196	111	12	29	7.0
197	111	12	30	5.0
198	111	12	31	12.0
199	111	12	35	13.0
200	111	12	48	5.0
201	111	12	55	6.0
202	111	12	58	6.0
203	111	12	59	9.0
204	111	12	67	6.0
205	111	12	69	6.0
206	111	12	72	5.0
207	111	12	80	5.0
208	111	12	81	12.0
209	111	12	82	6.0
210	111	12	83	6.0
211	111	12	84	5.0
212	111	12	87	7.0
213	111	12	88	13.0
214	111	12	91	7.0
215	111	12	97	6.0
216	111	12	98	17.0
217	111	12	99	5.0
218	111	12	100	6.0
219	111	12	102	12.0
220	111	12	103	30.0
221	111	12	104	31.0
222	111	12	105	5.0
223	111	12	108	7.0
224	111	12	112	14.0
225	111	12	114	7.0
226	111	12	120	7.0
227	111	12	139	5.0
228	111	12	142	13.0
229	111	12	147	12.0
230	111	13	1	27.0
231	111	13	2	34.0
232	111	13	3	33.0
233	111	13	4	13.0
234	111	13	5	6.0
235	111	13	6	5.0
236	111	13	7	6.0
237	111	13	8	3.0
238	111	13	9	6.0
239	111	13	10	8.0
240	111	13	11	17.0
241	111	13	12	16.0
242	111	13	17	5.0
243	111	13	18	9.0
244	111	13	22	7.0
245	111	13	30	5.0
246	111	13	31	28.0
247	111	13	44	6.0
248	111	13	48	5.0
249	111	13	55	6.0
250	111	13	58	6.0
251	111	13	59	21.0
252	111	13	81	6.0
253	111	13	85	7.0
254	111	13	98	20.0
255	111	13	100	13.0
256	111	13	101	6.0
257	111	13	102	6.0
258	111	13	103	13.0
259	111	13	104	2.0
260	111	13	112	6.0
261	111	13	116	7.0
262	111	13	117	15.0
263	111	13	144	7.0
264	111	13	147	13.0
265	111	14	1	12.0
266	111	14	2	32.0
267	111	14	3	13.0
268	111	14	4	7.0
269	111	14	5	12.0
270	111	14	6	25.0
271	111	14	7	19.0
272	111	14	8	25.0
273	111	14	9	38.0
274	111	14	10	11.0
275	111	14	11	9.0
276	111	14	12	17.0
277	111	14	15	9.0
278	111	14	16	8.0
279	111	14	18	8.0
280	111	14	19	9.0
281	111	14	23	6.0
282	111	14	24	6.0
283	111	14	25	5.0
284	111	14	26	13.0
285	111	14	27	32.0
286	111	14	29	7.0
287	111	14	30	5.0
288	111	14	31	33.0
289	111	14	35	6.0
290	111	14	38	7.0
291	111	14	50	5.0
292	111	14	52	19.0
293	111	14	55	5.0
294	111	14	58	6.0
295	111	14	59	38.0
296	111	14	63	5.0
297	111	14	70	7.0
298	111	14	81	19.0
299	111	14	84	7.0
300	111	14	85	5.0
301	111	14	86	27.0
302	111	14	87	13.0
303	111	14	96	4.0
304	111	14	97	13.0
305	111	14	98	18.0
306	111	14	99	5.0
307	111	14	100	19.0
308	111	14	102	11.0
309	111	14	103	37.0
310	111	14	104	25.0
311	111	14	107	6.0
312	111	14	108	7.0
313	111	14	109	6.0
314	111	14	114	6.0
315	111	14	117	7.0
316	111	14	131	7.0
317	111	14	146	26.0
318	111	14	147	19.0
319	111	15	2	19.0
320	111	15	3	23.0
321	111	15	4	7.0
322	111	15	5	5.0
323	111	15	7	11.0
324	111	15	8	9.0
325	111	15	10	8.0
326	111	15	13	9.0
327	111	15	14	9.0
328	111	15	16	7.0
329	111	15	18	9.0
330	111	15	19	8.0
331	111	15	22	5.0
332	111	15	24	6.0
333	111	15	25	5.0
334	111	15	30	6.0
335	111	15	31	19.0
336	111	15	38	6.0
337	111	15	48	5.0
338	111	15	49	11.0
339	111	15	52	11.0
340	111	15	54	7.0
341	111	15	55	6.0
342	111	15	58	6.0
343	111	15	59	19.0
344	111	15	81	6.0
345	111	15	82	7.0
346	111	15	85	6.0
347	111	15	86	6.0
348	111	15	99	6.0
349	111	15	101	11.0
350	111	15	102	11.0
351	111	15	103	18.0
352	111	15	104	15.0
353	111	15	105	5.0
354	111	15	107	7.0
355	111	15	108	7.0
356	111	15	109	6.0
357	111	15	111	7.0
358	111	15	114	7.0
359	111	15	115	7.0
360	111	15	117	7.0
361	111	15	137	7.0
362	111	15	147	12.0
363	111	16	1	37.0
364	111	16	2	26.0
365	111	16	3	11.0
366	111	16	4	16.0
367	111	16	5	9.0
368	111	16	6	27.0
369	111	16	7	10.0
370	111	16	8	16.0
371	111	16	9	27.0
372	111	16	10	29.0
373	111	16	11	29.0
374	111	16	12	36.0
375	111	16	14	29.0
376	111	16	17	22.0
377	111	16	18	29.0
378	111	16	19	7.0
379	111	16	21	14.0
380	111	16	22	4.0
381	111	16	23	5.0
382	111	16	24	4.0
383	111	16	25	17.0
384	111	16	26	32.0
385	111	16	27	55.0
386	111	16	28	11.0
387	111	16	29	16.0
388	111	16	30	38.0
389	111	16	31	6.0
390	111	16	32	5.0
391	111	16	33	11.0
392	111	16	35	17.0
393	111	16	43	11.0
394	111	16	44	4.0
395	111	16	47	9.0
396	111	16	52	5.0
397	111	16	54	10.0
398	111	16	55	5.0
399	111	16	58	15.0
400	111	16	59	32.0
401	111	16	61	5.0
402	111	16	70	10.0
403	111	16	72	5.0
404	111	16	74	5.0
405	111	16	77	5.0
406	111	16	80	16.0
407	111	16	81	10.0
408	111	16	83	6.0
409	111	16	84	4.0
410	111	16	85	27.0
411	111	16	86	4.0
412	111	16	87	6.0
413	111	16	90	5.0
414	111	16	91	10.0
415	111	16	92	5.0
416	111	16	94	5.0
417	111	16	96	13.0
418	111	16	97	16.0
419	111	16	98	21.0
420	111	16	99	16.0
421	111	16	100	15.0
422	111	16	101	21.0
423	111	16	102	25.0
424	111	16	103	37.0
425	111	16	104	35.0
426	111	16	105	11.0
427	111	16	106	5.0
428	111	16	107	24.0
429	111	16	112	30.0
430	111	16	114	59.0
431	111	16	116	6.0
432	111	16	117	6.0
433	111	16	124	6.0
434	111	16	135	5.0
435	111	16	142	6.0
436	111	16	143	5.0
437	111	16	146	6.0
438	111	16	147	32.0
439	111	17	1	5.0
440	111	17	2	43.0
441	111	17	3	7.0
442	111	17	4	12.0
443	111	17	5	5.0
444	111	17	6	18.0
445	111	17	7	17.0
446	111	17	8	13.0
447	111	17	9	12.0
448	111	17	10	24.0
449	111	17	11	65.0
450	111	17	12	49.0
451	111	17	14	8.0
452	111	17	16	16.0
453	111	17	18	16.0
454	111	17	19	138.0
455	111	17	20	5.0
456	111	17	21	9.0
457	111	17	23	5.0
458	111	17	24	5.0
459	111	17	25	37.0
460	111	17	26	11.0
461	111	17	27	44.0
462	111	17	29	12.0
463	111	17	30	30.0
464	111	17	31	6.0
465	111	17	32	6.0
466	111	17	33	7.0
467	111	17	35	19.0
468	111	17	43	6.0
469	111	17	47	5.0
470	111	17	49	6.0
471	111	17	52	6.0
472	111	17	54	6.0
473	111	17	55	6.0
474	111	17	58	6.0
475	111	17	59	48.0
476	111	17	60	12.0
477	111	17	64	6.0
478	111	17	74	6.0
479	111	17	76	7.0
480	111	17	77	6.0
481	111	17	80	5.0
482	111	17	84	19.0
483	111	17	85	19.0
484	111	17	87	5.0
485	111	17	88	7.0
486	111	17	91	6.0
487	111	17	96	10.0
488	111	17	97	11.0
489	111	17	98	17.0
490	111	17	99	12.0
491	111	17	100	42.0
492	111	17	101	11.0
493	111	17	102	18.0
494	111	17	103	36.0
495	111	17	104	22.0
496	111	17	107	6.0
497	111	17	108	21.0
498	111	17	111	7.0
499	111	17	112	20.0
500	111	17	113	6.0
501	111	17	114	28.0
502	111	17	115	13.0
503	111	17	117	7.0
504	111	17	118	6.0
505	111	17	120	7.0
506	111	17	121	7.0
507	111	17	123	7.0
508	111	17	124	7.0
509	111	17	133	12.0
510	111	17	136	10.0
511	111	17	143	6.0
512	111	17	144	12.0
513	111	17	147	37.0
514	111	18	1	48.0
515	111	18	2	83.0
516	111	18	3	27.0
517	111	18	4	63.0
518	111	18	5	20.0
519	111	18	6	27.0
520	111	18	7	27.0
521	111	18	8	39.0
522	111	18	9	35.0
523	111	18	10	5.0
524	111	18	11	46.0
525	111	18	12	35.0
526	111	18	14	54.0
527	111	18	15	9.0
528	111	18	16	5.0
529	111	18	17	27.0
530	111	18	19	82.0
531	111	18	20	6.0
532	111	18	21	28.0
533	111	18	22	6.0
534	111	18	23	6.0
535	111	18	24	5.0
536	111	18	25	20.0
537	111	18	26	21.0
538	111	18	27	54.0
539	111	18	28	27.0
540	111	18	29	7.0
541	111	18	30	53.0
542	111	18	31	7.0
543	111	18	35	15.0
544	111	18	36	6.0
545	111	18	38	7.0
546	111	18	45	14.0
547	111	18	47	5.0
548	111	18	49	19.0
549	111	18	51	6.0
550	111	18	52	20.0
551	111	18	54	6.0
552	111	18	55	6.0
553	111	18	58	13.0
554	111	18	59	35.0
555	111	18	66	20.0
556	111	18	67	13.0
557	111	18	71	6.0
558	111	18	72	12.0
559	111	18	80	6.0
560	111	18	81	35.0
561	111	18	83	6.0
562	111	18	84	47.0
563	111	18	85	21.0
564	111	18	88	6.0
565	111	18	90	7.0
566	111	18	95	14.0
567	111	18	96	5.0
568	111	18	97	20.0
569	111	18	98	25.0
570	111	18	99	20.0
571	111	18	100	72.0
572	111	18	101	13.0
573	111	18	102	13.0
574	111	18	103	6.0
575	111	18	104	43.0
576	111	18	107	15.0
577	111	18	108	22.0
578	111	18	110	15.0
579	111	18	111	15.0
580	111	18	112	8.0
581	111	18	113	59.0
582	111	18	114	45.0
583	111	18	117	46.0
584	111	18	119	7.0
585	111	18	120	7.0
586	111	18	133	6.0
587	111	18	136	6.0
588	111	18	143	6.0
589	111	18	145	7.0
590	111	18	146	41.0
591	111	18	147	27.0
592	111	19	1	11.0
593	111	19	2	36.0
594	111	19	3	17.0
595	111	19	4	12.0
596	111	19	6	28.0
597	111	19	7	11.0
598	111	19	8	12.0
599	111	19	9	12.0
600	111	19	10	6.0
601	111	19	11	16.0
602	111	19	12	15.0
603	111	19	17	7.0
604	111	19	18	31.0
605	111	19	22	5.0
606	111	19	25	11.0
607	111	19	26	17.0
608	111	19	27	17.0
609	111	19	29	6.0
610	111	19	30	4.0
611	111	19	31	6.0
612	111	19	33	6.0
613	111	19	34	4.0
614	111	19	35	6.0
615	111	19	36	5.0
616	111	19	38	6.0
617	111	19	47	16.0
618	111	19	52	11.0
619	111	19	53	5.0
620	111	19	55	11.0
621	111	19	59	9.0
622	111	19	72	5.0
623	111	19	80	5.0
624	111	19	81	4.0
625	111	19	85	6.0
626	111	19	87	4.0
627	111	19	90	6.0
628	111	19	98	16.0
629	111	19	100	17.0
630	111	19	101	5.0
631	111	19	103	28.0
632	111	19	104	19.0
633	111	19	105	11.0
634	111	19	110	5.0
635	111	19	113	13.0
636	111	19	114	4.0
637	111	19	117	6.0
638	111	19	144	4.0
639	111	19	146	6.0
640	111	19	147	23.0
641	111	20	1	7.0
642	111	20	5	5.0
643	111	20	6	12.0
644	111	20	9	6.0
645	111	20	13	9.0
646	111	20	17	7.0
647	111	20	19	9.0
648	111	20	21	17.0
649	111	20	27	5.0
650	111	20	31	6.0
651	111	20	35	6.0
652	111	20	38	6.0
653	111	20	59	9.0
654	111	20	62	4.0
655	111	20	69	6.0
656	111	20	85	6.0
657	111	20	98	12.0
658	111	20	99	7.0
659	111	20	101	5.0
660	111	20	103	6.0
661	111	20	104	9.0
662	111	20	105	5.0
663	111	20	106	6.0
664	111	20	107	6.0
665	111	20	114	6.0
666	111	20	120	7.0
667	111	21	1	13.0
668	111	21	2	14.0
669	111	21	3	14.0
670	111	21	4	22.0
671	111	21	6	8.0
672	111	21	7	6.0
673	111	21	8	12.0
674	111	21	9	8.0
675	111	21	11	19.0
676	111	21	12	29.0
677	111	21	13	10.0
678	111	21	16	9.0
679	111	21	17	9.0
680	111	21	18	6.0
681	111	21	19	38.0
682	111	21	25	6.0
683	111	21	27	8.0
684	111	21	29	8.0
685	111	21	30	13.0
686	111	21	31	22.0
687	111	21	49	7.0
688	111	21	59	14.0
689	111	21	81	21.0
690	111	21	85	22.0
691	111	21	100	14.0
692	111	21	101	7.0
693	111	21	102	8.0
694	111	21	103	13.0
695	111	21	106	8.0
696	111	21	107	8.0
697	111	21	114	15.0
698	111	21	133	14.0
699	111	21	147	7.0
700	111	22	4	6.0
701	111	22	9	6.0
702	111	22	24	12.0
703	111	22	26	21.0
704	111	22	27	7.0
705	111	22	30	7.0
706	111	22	58	5.0
707	111	22	59	11.0
708	111	22	80	6.0
709	111	22	91	6.0
710	111	22	97	6.0
711	111	22	100	7.0
712	111	22	103	7.0
713	111	22	104	8.0
714	111	22	138	5.0
715	111	22	146	7.0
716	111	23	1	6.0
717	111	23	2	9.0
718	111	23	5	8.0
719	111	23	10	13.0
720	111	23	22	19.0
721	111	23	25	9.0
722	111	23	26	10.0
723	111	23	28	10.0
724	111	23	33	9.0
725	111	23	44	7.0
726	111	23	59	13.0
727	111	23	80	8.0
728	111	23	102	9.0
729	111	23	104	4.0
730	111	23	108	10.0
731	111	24	2	14.0
732	111	24	4	14.0
733	111	24	6	15.0
734	111	24	8	15.0
735	111	24	11	11.0
736	111	24	22	8.0
737	111	24	23	6.0
738	111	24	26	9.0
739	111	24	27	55.0
740	111	24	33	7.0
741	111	24	35	8.0
742	111	24	38	22.0
743	111	24	40	7.0
744	111	24	42	8.0
745	111	24	44	8.0
746	111	24	45	7.0
747	111	24	46	8.0
748	111	24	47	14.0
749	111	24	59	17.0
750	111	24	74	9.0
751	111	24	80	7.0
752	111	24	81	7.0
753	111	24	84	9.0
754	111	24	85	8.0
755	111	24	86	7.0
756	111	24	91	6.0
757	111	24	97	15.0
758	111	24	100	8.0
759	111	24	103	23.0
760	111	24	104	4.0
761	111	24	105	7.0
762	111	24	147	14.0
763	111	25	1	13.0
764	111	25	2	13.0
765	111	25	3	6.0
766	111	25	4	33.0
767	111	25	6	20.0
768	111	25	7	12.0
769	111	25	8	9.0
770	111	25	9	39.0
771	111	25	11	10.0
772	111	25	12	37.0
773	111	25	14	10.0
774	111	25	15	9.0
775	111	25	16	18.0
776	111	25	17	9.0
777	111	25	18	9.0
778	111	25	19	28.0
779	111	25	22	7.0
780	111	25	24	5.0
781	111	25	26	51.0
782	111	25	27	29.0
783	111	25	28	7.0
784	111	25	29	7.0
785	111	25	30	51.0
786	111	25	31	22.0
787	111	25	35	20.0
788	111	25	36	6.0
789	111	25	42	19.0
790	111	25	44	5.0
791	111	25	45	7.0
792	111	25	46	6.0
793	111	25	47	5.0
794	111	25	48	6.0
795	111	25	52	21.0
796	111	25	55	6.0
797	111	25	58	21.0
798	111	25	59	35.0
799	111	25	62	4.0
800	111	25	71	7.0
801	111	25	72	7.0
802	111	25	81	5.0
803	111	25	82	7.0
804	111	25	83	14.0
805	111	25	85	14.0
806	111	25	86	7.0
807	111	25	97	35.0
808	111	25	98	12.0
809	111	25	99	13.0
810	111	25	100	28.0
811	111	25	101	14.0
812	111	25	102	14.0
813	111	25	103	28.0
814	111	25	104	18.0
815	111	25	105	7.0
816	111	25	107	6.0
817	111	25	108	7.0
818	111	25	112	14.0
819	111	25	113	8.0
820	111	25	114	28.0
821	111	25	126	7.0
822	111	25	147	54.0
823	111	26	24	4.0
824	111	26	27	4.0
825	111	26	31	6.0
826	111	26	33	6.0
827	111	26	34	4.0
828	111	26	44	5.0
829	111	26	45	6.0
830	111	26	59	7.0
831	111	26	72	5.0
832	111	26	85	5.0
833	111	26	100	6.0
834	111	26	102	4.0
835	111	26	103	6.0
836	111	26	111	6.0
837	111	26	127	5.0
838	111	27	10	12.0
839	111	27	32	16.0
840	111	27	35	8.0
841	111	27	48	7.0
842	111	27	59	3.0
843	111	27	85	7.0
844	111	27	104	6.0
845	111	27	146	9.0
846	111	28	1	4.0
847	111	28	2	7.0
848	111	28	12	9.0
849	111	28	22	7.0
850	111	28	26	16.0
851	111	28	35	6.0
852	111	28	52	7.0
853	111	28	59	2.0
854	111	28	81	7.0
855	111	28	84	7.0
856	111	28	98	7.0
857	111	28	101	7.0
858	111	28	114	8.0
859	111	28	117	7.0
860	111	28	135	7.0
861	111	28	147	6.0
862	111	29	11	10.0
863	111	29	62	5.0
864	111	29	114	7.0
865	111	30	6	7.0
866	111	30	8	6.0
867	111	30	27	5.0
868	111	30	35	7.0
869	111	30	52	7.0
870	111	30	64	7.0
871	111	31	1	17.0
872	111	31	2	42.0
873	111	31	3	55.0
874	111	31	4	29.0
875	111	31	5	12.0
876	111	31	6	30.0
877	111	31	7	11.0
878	111	31	8	6.0
879	111	31	9	36.0
880	111	31	11	8.0
881	111	31	12	8.0
882	111	31	14	7.0
883	111	31	17	7.0
884	111	31	18	25.0
885	111	31	21	18.0
886	111	31	22	6.0
887	111	31	24	14.0
888	111	31	25	45.0
889	111	31	26	12.0
890	111	31	27	156.0
891	111	31	28	19.0
892	111	31	29	60.0
893	111	31	30	286.0
894	111	31	33	11.0
895	111	31	35	17.0
896	111	31	38	17.0
897	111	31	44	11.0
898	111	31	47	4.0
899	111	31	49	6.0
900	111	31	50	4.0
901	111	31	52	25.0
902	111	31	55	18.0
903	111	31	58	30.0
904	111	31	59	84.0
905	111	31	65	6.0
906	111	31	72	5.0
907	111	31	76	6.0
908	111	31	80	6.0
909	111	31	81	13.0
910	111	31	82	5.0
911	111	31	83	6.0
912	111	31	84	11.0
913	111	31	85	19.0
914	111	31	92	5.0
915	111	31	96	5.0
916	111	31	97	5.0
917	111	31	98	31.0
918	111	31	99	12.0
919	111	31	100	32.0
920	111	31	101	18.0
921	111	31	102	6.0
922	111	31	103	26.0
923	111	31	104	43.0
924	111	31	105	11.0
925	111	31	106	5.0
926	111	31	107	25.0
927	111	31	112	20.0
928	111	31	114	32.0
929	111	31	115	6.0
930	111	31	117	32.0
931	111	31	119	6.0
932	111	31	120	6.0
933	111	31	124	6.0
934	111	31	136	5.0
935	111	31	139	5.0
936	111	31	146	6.0
937	111	31	147	47.0
938	111	32	8	5.0
939	111	32	9	4.0
940	111	32	22	6.0
941	111	32	27	6.0
942	111	32	30	12.0
943	111	32	47	4.0
944	111	32	58	6.0
945	111	32	84	6.0
946	111	32	103	6.0
947	111	32	104	4.0
948	111	32	114	6.0
949	111	32	146	5.0
950	111	32	147	6.0
951	111	33	1	15.0
952	111	33	2	7.0
953	111	33	4	15.0
954	111	33	6	14.0
955	111	33	7	6.0
956	111	33	8	1.0
957	111	33	9	22.0
958	111	33	12	11.0
959	111	33	22	15.0
960	111	33	23	14.0
961	111	33	27	57.0
962	111	33	30	29.0
963	111	33	31	15.0
964	111	33	35	15.0
965	111	33	36	8.0
966	111	33	43	7.0
967	111	33	44	7.0
968	111	33	45	8.0
969	111	33	47	13.0
970	111	33	48	7.0
971	111	33	49	7.0
972	111	33	52	34.0
973	111	33	55	6.0
974	111	33	59	23.0
975	111	33	74	7.0
976	111	33	81	15.0
977	111	33	88	7.0
978	111	33	92	8.0
979	111	33	97	7.0
980	111	33	98	7.0
981	111	33	100	14.0
982	111	33	103	36.0
983	111	33	104	15.0
984	111	33	105	13.0
985	111	33	106	15.0
986	111	33	107	6.0
987	111	33	108	7.0
988	111	33	113	7.0
989	111	33	114	16.0
990	111	33	117	9.0
991	111	33	134	7.0
992	111	33	136	5.0
993	111	34	2	6.0
994	111	34	3	20.0
995	111	34	4	7.0
996	111	34	6	7.0
997	111	34	8	2.0
998	111	34	9	8.0
999	111	34	18	10.0
1000	111	34	23	12.0
1001	111	34	25	7.0
1002	111	34	27	7.0
1003	111	34	30	14.0
1004	111	34	31	7.0
1005	111	34	33	7.0
1006	111	34	35	14.0
1007	111	34	47	7.0
1008	111	34	51	7.0
1009	111	34	52	7.0
1010	111	34	55	13.0
1011	111	34	58	6.0
1012	111	34	59	41.0
1013	111	34	60	7.0
1014	111	34	81	13.0
1015	111	34	84	7.0
1016	111	34	85	6.0
1017	111	34	86	14.0
1018	111	34	91	7.0
1019	111	34	98	7.0
1020	111	34	100	13.0
1021	111	34	102	8.0
1022	111	34	103	13.0
1023	111	34	104	6.0
1024	111	34	106	6.0
1025	111	34	108	7.0
1026	111	34	147	6.0
1027	111	35	1	5.0
1028	111	35	4	5.0
1029	111	35	7	6.0
1030	111	35	9	6.0
1031	111	35	11	9.0
1032	111	35	19	9.0
1033	111	35	23	18.0
1034	111	35	25	7.0
1035	111	35	26	5.0
1036	111	35	28	6.0
1037	111	35	31	5.0
1038	111	35	33	18.0
1039	111	35	47	5.0
1040	111	35	52	6.0
1041	111	35	59	15.0
1042	111	35	87	53.0
1043	111	35	100	7.0
1044	111	35	102	5.0
1045	111	35	103	6.0
1046	111	35	104	2.0
1047	111	35	105	5.0
1048	111	35	132	4.0
1049	111	36	1	6.0
1050	111	36	2	19.0
1051	111	36	3	12.0
1052	111	36	4	19.0
1053	111	36	6	19.0
1054	111	36	7	12.0
1055	111	36	8	9.0
1056	111	36	9	5.0
1057	111	36	11	9.0
1058	111	36	16	8.0
1059	111	36	23	13.0
1060	111	36	24	6.0
1061	111	36	25	5.0
1062	111	36	27	18.0
1063	111	36	30	24.0
1064	111	36	31	12.0
1065	111	36	33	6.0
1066	111	36	35	25.0
1067	111	36	38	6.0
1068	111	36	48	6.0
1069	111	36	50	5.0
1070	111	36	52	24.0
1071	111	36	57	6.0
1072	111	36	58	13.0
1073	111	36	59	35.0
1074	111	36	61	5.0
1075	111	36	62	4.0
1076	111	36	70	5.0
1077	111	36	76	7.0
1078	111	36	80	5.0
1079	111	36	82	5.0
1080	111	36	84	6.0
1081	111	36	86	5.0
1082	111	36	87	5.0
1083	111	36	92	6.0
1084	111	36	96	6.0
1085	111	36	97	6.0
1086	111	36	98	6.0
1087	111	36	100	6.0
1088	111	36	101	12.0
1089	111	36	102	7.0
1090	111	36	103	37.0
1091	111	36	104	16.0
1092	111	36	105	12.0
1093	111	36	106	12.0
1094	111	36	112	7.0
1095	111	36	114	28.0
1096	111	36	141	7.0
1097	111	36	147	25.0
1098	111	37	4	5.0
1099	111	37	6	4.0
1100	111	37	8	5.0
1101	111	37	22	5.0
1102	111	37	26	5.0
1103	111	37	59	5.0
1104	111	37	84	5.0
1105	111	37	86	5.0
1106	111	37	97	5.0
1107	111	37	98	4.0
1108	111	37	100	10.0
1109	111	37	103	6.0
1110	111	37	109	4.0
1111	111	37	114	6.0
1112	111	37	117	6.0
1113	111	38	1	19.0
1114	111	38	2	79.0
1115	111	38	3	53.0
1116	111	38	4	67.0
1117	111	38	5	14.0
1118	111	38	6	14.0
1119	111	38	7	5.0
1120	111	38	8	46.0
1121	111	38	9	33.0
1122	111	38	11	38.0
1123	111	38	12	28.0
1124	111	38	13	9.0
1125	111	38	14	9.0
1126	111	38	16	9.0
1127	111	38	19	9.0
1128	111	38	22	34.0
1129	111	38	23	5.0
1130	111	38	24	34.0
1131	111	38	25	19.0
1132	111	38	26	54.0
1133	111	38	27	86.0
1134	111	38	28	6.0
1135	111	38	29	14.0
1136	111	38	30	34.0
1137	111	38	31	34.0
1138	111	38	33	34.0
1139	111	38	35	101.0
1140	111	38	36	20.0
1141	111	38	39	6.0
1142	111	38	41	7.0
1143	111	38	42	6.0
1144	111	38	44	19.0
1145	111	38	45	20.0
1146	111	38	47	12.0
1147	111	38	49	19.0
1148	111	38	51	7.0
1149	111	38	52	52.0
1150	111	38	54	12.0
1151	111	38	55	58.0
1152	111	38	58	44.0
1153	111	38	59	136.0
1154	111	38	61	13.0
1155	111	38	62	14.0
1156	111	38	66	6.0
1157	111	38	69	6.0
1158	111	38	72	6.0
1159	111	38	74	5.0
1160	111	38	80	25.0
1161	111	38	81	27.0
1162	111	38	82	25.0
1163	111	38	84	54.0
1164	111	38	85	21.0
1165	111	38	86	6.0
1166	111	38	87	13.0
1167	111	38	90	6.0
1168	111	38	91	13.0
1169	111	38	95	5.0
1170	111	38	96	12.0
1171	111	38	97	14.0
1172	111	38	98	45.0
1173	111	38	99	5.0
1174	111	38	100	34.0
1175	111	38	101	20.0
1176	111	38	102	12.0
1177	111	38	103	86.0
1178	111	38	104	14.0
1179	111	38	107	14.0
1180	111	38	108	7.0
1181	111	38	109	15.0
1182	111	38	113	6.0
1183	111	38	114	29.0
1184	111	38	117	7.0
1185	111	38	133	13.0
1186	111	38	135	7.0
1187	111	38	136	11.0
1188	111	38	147	53.0
1189	111	39	1	14.0
1190	111	39	2	26.0
1191	111	39	3	15.0
1192	111	39	4	7.0
1193	111	39	5	9.0
1194	111	39	6	14.0
1195	111	39	7	4.0
1196	111	39	8	9.0
1197	111	39	9	15.0
1198	111	39	11	8.0
1199	111	39	23	9.0
1200	111	39	24	4.0
1201	111	39	26	4.0
1202	111	39	27	10.0
1203	111	39	29	5.0
1204	111	39	30	19.0
1205	111	39	35	10.0
1206	111	39	38	5.0
1207	111	39	40	5.0
1208	111	39	41	5.0
1209	111	39	42	4.0
1210	111	39	44	5.0
1211	111	39	45	4.0
1212	111	39	47	4.0
1213	111	39	49	9.0
1214	111	39	52	5.0
1215	111	39	55	34.0
1216	111	39	58	9.0
1217	111	39	59	14.0
1218	111	39	62	4.0
1219	111	39	65	5.0
1220	111	39	67	4.0
1221	111	39	70	4.0
1222	111	39	80	5.0
1223	111	39	81	5.0
1224	111	39	82	5.0
1225	111	39	83	5.0
1226	111	39	84	10.0
1227	111	39	85	8.0
1228	111	39	87	5.0
1229	111	39	88	5.0
1230	111	39	96	4.0
1231	111	39	98	5.0
1232	111	39	100	6.0
1233	111	39	103	29.0
1234	111	39	105	8.0
1235	111	39	108	6.0
1236	111	39	110	5.0
1237	111	39	112	5.0
1238	111	39	114	6.0
1239	111	39	117	11.0
1240	111	39	136	8.0
1241	111	39	138	3.0
1242	111	39	147	14.0
1243	111	40	1	10.0
1244	111	40	2	11.0
1245	111	40	3	12.0
1246	111	40	4	16.0
1247	111	40	5	9.0
1248	111	40	6	9.0
1249	111	40	7	4.0
1250	111	40	22	5.0
1251	111	40	23	5.0
1252	111	40	24	10.0
1253	111	40	25	6.0
1254	111	40	27	16.0
1255	111	40	28	5.0
1256	111	40	30	22.0
1257	111	40	31	4.0
1258	111	40	33	4.0
1259	111	40	35	12.0
1260	111	40	36	5.0
1261	111	40	38	34.0
1262	111	40	39	6.0
1263	111	40	43	5.0
1264	111	40	44	5.0
1265	111	40	45	5.0
1266	111	40	48	5.0
1267	111	40	49	11.0
1268	111	40	52	16.0
1269	111	40	54	11.0
1270	111	40	55	12.0
1271	111	40	58	4.0
1272	111	40	59	17.0
1273	111	40	62	3.0
1274	111	40	65	5.0
1275	111	40	72	5.0
1276	111	40	74	5.0
1277	111	40	81	5.0
1278	111	40	83	5.0
1279	111	40	84	6.0
1280	111	40	85	5.0
1281	111	40	91	5.0
1282	111	40	98	11.0
1283	111	40	100	5.0
1284	111	40	103	34.0
1285	111	40	104	13.0
1286	111	40	109	5.0
1287	111	40	114	6.0
1288	111	40	115	6.0
1289	111	40	133	4.0
1290	111	40	143	5.0
1291	111	40	144	5.0
1292	111	40	147	12.0
1293	111	41	1	9.0
1294	111	41	2	5.0
1295	111	41	3	5.0
1296	111	41	4	13.0
1297	111	41	5	6.0
1298	111	41	6	13.0
1299	111	41	7	11.0
1300	111	41	9	7.0
1301	111	41	22	7.0
1302	111	41	24	5.0
1303	111	41	26	6.0
1304	111	41	27	24.0
1305	111	41	29	6.0
1306	111	41	30	5.0
1307	111	41	33	7.0
1308	111	41	35	12.0
1309	111	41	38	7.0
1310	111	41	42	5.0
1311	111	41	44	5.0
1312	111	41	47	5.0
1313	111	41	48	5.0
1314	111	41	49	6.0
1315	111	41	55	12.0
1316	111	41	58	13.0
1317	111	41	59	13.0
1318	111	41	81	18.0
1319	111	41	84	13.0
1320	111	41	85	17.0
1321	111	41	88	18.0
1322	111	41	97	7.0
1323	111	41	100	6.0
1324	111	41	101	6.0
1325	111	41	102	7.0
1326	111	41	103	17.0
1327	111	41	104	10.0
1328	111	41	105	17.0
1329	111	41	107	5.0
1330	111	41	131	6.0
1331	111	42	1	31.0
1332	111	42	2	31.0
1333	111	42	3	10.0
1334	111	42	4	16.0
1335	111	42	5	10.0
1336	111	42	6	37.0
1337	111	42	7	4.0
1338	111	42	8	30.0
1339	111	42	9	10.0
1340	111	42	14	4.0
1341	111	42	19	7.0
1342	111	42	22	11.0
1343	111	42	24	4.0
1344	111	42	25	5.0
1345	111	42	26	5.0
1346	111	42	27	21.0
1347	111	42	30	4.0
1348	111	42	31	27.0
1349	111	42	35	11.0
1350	111	42	37	3.0
1351	111	42	38	11.0
1352	111	42	39	4.0
1353	111	42	41	5.0
1354	111	42	44	10.0
1355	111	42	46	5.0
1356	111	42	47	9.0
1357	111	42	48	4.0
1358	111	42	49	15.0
1359	111	42	52	16.0
1360	111	42	54	5.0
1361	111	42	55	25.0
1362	111	42	58	10.0
1363	111	42	59	41.0
1364	111	42	61	4.0
1365	111	42	62	9.0
1366	111	42	63	5.0
1367	111	42	65	5.0
1368	111	42	66	4.0
1369	111	42	67	15.0
1370	111	42	68	5.0
1371	111	42	72	4.0
1372	111	42	74	6.0
1373	111	42	76	4.0
1374	111	42	80	5.0
1375	111	42	81	6.0
1376	111	42	82	4.0
1377	111	42	83	5.0
1378	111	42	84	10.0
1379	111	42	85	10.0
1380	111	42	94	4.0
1381	111	42	95	4.0
1382	111	42	96	3.0
1383	111	42	97	6.0
1384	111	42	98	5.0
1385	111	42	99	16.0
1386	111	42	100	15.0
1387	111	42	101	6.0
1388	111	42	103	21.0
1389	111	42	104	20.0
1390	111	42	105	14.0
1391	111	42	108	6.0
1392	111	42	109	6.0
1393	111	42	110	4.0
1394	111	42	111	6.0
1395	111	42	112	12.0
1396	111	42	114	6.0
1397	111	42	146	5.0
1398	111	42	147	11.0
1399	111	43	1	18.0
1400	111	43	2	5.0
1401	111	43	3	13.0
1402	111	43	4	13.0
1403	111	43	6	6.0
1404	111	43	7	5.0
1405	111	43	11	9.0
1406	111	43	12	27.0
1407	111	43	14	8.0
1408	111	43	17	9.0
1409	111	43	22	13.0
1410	111	43	25	11.0
1411	111	43	27	26.0
1412	111	43	28	6.0
1413	111	43	30	6.0
1414	111	43	33	18.0
1415	111	43	35	13.0
1416	111	43	38	6.0
1417	111	43	40	7.0
1418	111	43	41	6.0
1419	111	43	42	5.0
1420	111	43	45	13.0
1421	111	43	47	9.0
1422	111	43	48	17.0
1423	111	43	49	5.0
1424	111	43	50	5.0
1425	111	43	52	13.0
1426	111	43	55	24.0
1427	111	43	58	19.0
1428	111	43	59	16.0
1429	111	43	61	6.0
1430	111	43	62	3.0
1431	111	43	66	6.0
1432	111	43	67	5.0
1433	111	43	82	5.0
1434	111	43	84	26.0
1435	111	43	85	18.0
1436	111	43	91	13.0
1437	111	43	94	6.0
1438	111	43	98	36.0
1439	111	43	99	6.0
1440	111	43	100	5.0
1441	111	43	103	31.0
1442	111	43	104	8.0
1443	111	43	105	18.0
1444	111	43	108	7.0
1445	111	43	110	7.0
1446	111	43	111	6.0
1447	111	43	113	6.0
1448	111	43	114	7.0
1449	111	43	119	7.0
1450	111	43	136	5.0
1451	111	43	147	30.0
1452	111	44	1	47.0
1453	111	44	2	23.0
1454	111	44	3	30.0
1455	111	44	4	40.0
1456	111	44	5	12.0
1457	111	44	6	22.0
1458	111	44	7	22.0
1459	111	44	8	34.0
1460	111	44	9	7.0
1461	111	44	12	9.0
1462	111	44	17	9.0
1463	111	44	21	9.0
1464	111	44	22	24.0
1465	111	44	23	10.0
1466	111	44	24	11.0
1467	111	44	25	11.0
1468	111	44	26	18.0
1469	111	44	27	57.0
1470	111	44	30	6.0
1471	111	44	31	12.0
1472	111	44	35	23.0
1473	111	44	36	6.0
1474	111	44	38	12.0
1475	111	44	39	5.0
1476	111	44	41	7.0
1477	111	44	42	10.0
1478	111	44	43	6.0
1479	111	44	45	23.0
1480	111	44	47	16.0
1481	111	44	49	10.0
1482	111	44	50	5.0
1483	111	44	52	29.0
1484	111	44	54	21.0
1485	111	44	55	51.0
1486	111	44	57	6.0
1487	111	44	58	12.0
1488	111	44	59	93.0
1489	111	44	63	6.0
1490	111	44	64	6.0
1491	111	44	65	6.0
1492	111	44	72	5.0
1493	111	44	81	17.0
1494	111	44	82	12.0
1495	111	44	84	29.0
1496	111	44	85	24.0
1497	111	44	87	6.0
1498	111	44	88	18.0
1499	111	44	91	11.0
1500	111	44	92	7.0
1501	111	44	94	5.0
1502	111	44	96	5.0
1503	111	44	97	12.0
1504	111	44	98	10.0
1505	111	44	100	7.0
1506	111	44	101	6.0
1507	111	44	103	23.0
1508	111	44	104	17.0
1509	111	44	105	5.0
1510	111	44	106	6.0
1511	111	44	109	13.0
1512	111	44	114	7.0
1513	111	44	117	7.0
1514	111	44	131	7.0
1515	111	44	136	4.0
1516	111	44	141	12.0
1517	111	44	146	6.0
1518	111	44	147	18.0
1519	111	45	1	22.0
1520	111	45	2	10.0
1521	111	45	3	37.0
1522	111	45	4	43.0
1523	111	45	5	10.0
1524	111	45	6	17.0
1525	111	45	7	4.0
1526	111	45	8	3.0
1527	111	45	9	11.0
1528	111	45	10	14.0
1529	111	45	11	8.0
1530	111	45	12	7.0
1531	111	45	21	8.0
1532	111	45	22	5.0
1533	111	45	23	10.0
1534	111	45	24	11.0
1535	111	45	25	26.0
1536	111	45	26	11.0
1537	111	45	27	33.0
1538	111	45	30	22.0
1539	111	45	31	5.0
1540	111	45	33	11.0
1541	111	45	35	10.0
1542	111	45	38	28.0
1543	111	45	39	5.0
1544	111	45	40	5.0
1545	111	45	43	11.0
1546	111	45	44	4.0
1547	111	45	47	4.0
1548	111	45	49	4.0
1549	111	45	52	5.0
1550	111	45	55	10.0
1551	111	45	58	11.0
1552	111	45	59	40.0
1553	111	45	60	5.0
1554	111	45	62	3.0
1555	111	45	63	5.0
1556	111	45	67	10.0
1557	111	45	72	4.0
1558	111	45	74	5.0
1559	111	45	77	5.0
1560	111	45	81	22.0
1561	111	45	82	10.0
1562	111	45	84	16.0
1563	111	45	85	10.0
1564	111	45	86	5.0
1565	111	45	90	10.0
1566	111	45	95	6.0
1567	111	45	96	8.0
1568	111	45	98	42.0
1569	111	45	99	4.0
1570	111	45	101	6.0
1571	111	45	103	22.0
1572	111	45	104	13.0
1573	111	45	105	6.0
1574	111	45	107	6.0
1575	111	45	108	5.0
1576	111	45	113	18.0
1577	111	45	114	6.0
1578	111	45	132	4.0
1579	111	45	136	4.0
1580	111	45	147	28.0
1581	111	46	1	14.0
1582	111	46	2	16.0
1583	111	46	3	12.0
1584	111	46	4	16.0
1585	111	46	5	12.0
1586	111	46	6	16.0
1587	111	46	7	12.0
1588	111	46	22	16.0
1589	111	46	27	15.0
1590	111	46	33	30.0
1591	111	46	34	15.0
1592	111	46	35	16.0
1593	111	46	37	14.0
1594	111	46	38	16.0
1595	111	46	41	16.0
1596	111	46	47	14.0
1597	111	46	58	45.0
1598	111	46	70	16.0
1599	111	46	73	15.0
1600	111	46	81	15.0
1601	111	46	84	13.0
1602	111	46	98	12.0
1603	111	46	103	15.0
1604	111	46	104	16.0
1605	111	46	107	17.0
1606	111	46	112	17.0
1607	111	46	113	17.0
1608	111	46	147	16.0
1609	111	47	1	20.0
1610	111	47	2	51.0
1611	111	47	3	52.0
1612	111	47	4	73.0
1613	111	47	5	30.0
1614	111	47	6	20.0
1615	111	47	7	9.0
1616	111	47	8	20.0
1617	111	47	9	21.0
1618	111	47	10	21.0
1619	111	47	11	10.0
1620	111	47	13	11.0
1621	111	47	16	10.0
1622	111	47	18	10.0
1623	111	47	24	17.0
1624	111	47	25	7.0
1625	111	47	27	7.0
1626	111	47	31	7.0
1627	111	47	35	9.0
1628	111	47	36	9.0
1629	111	47	42	8.0
1630	111	47	48	8.0
1631	111	47	50	14.0
1632	111	47	52	16.0
1633	111	47	54	8.0
1634	111	47	55	41.0
1635	111	47	58	49.0
1636	111	47	59	129.0
1637	111	47	63	7.0
1638	111	47	67	8.0
1639	111	47	71	9.0
1640	111	47	72	25.0
1641	111	47	73	6.0
1642	111	47	76	18.0
1643	111	47	77	8.0
1644	111	47	80	36.0
1645	111	47	81	7.0
1646	111	47	82	18.0
1647	111	47	84	28.0
1648	111	47	85	36.0
1649	111	47	86	18.0
1650	111	47	87	18.0
1651	111	47	98	8.0
1652	111	47	99	17.0
1653	111	47	100	27.0
1654	111	47	101	44.0
1655	111	47	102	16.0
1656	111	47	103	62.0
1657	111	47	104	81.0
1658	111	47	105	17.0
1659	111	47	108	31.0
1660	111	47	112	11.0
1661	111	47	114	21.0
1662	111	47	120	11.0
1663	111	47	124	10.0
1664	111	47	141	28.0
1665	111	47	144	7.0
1666	111	47	147	19.0
1667	111	48	2	8.0
1668	111	48	4	16.0
1669	111	48	5	15.0
1670	111	48	6	7.0
1671	111	48	7	5.0
1672	111	48	8	7.0
1673	111	48	10	8.0
1674	111	48	27	7.0
1675	111	48	31	13.0
1676	111	48	33	7.0
1677	111	48	47	12.0
1678	111	48	49	6.0
1679	111	48	55	6.0
1680	111	48	58	12.0
1681	111	48	59	11.0
1682	111	48	67	6.0
1683	111	48	70	7.0
1684	111	48	72	5.0
1685	111	48	80	6.0
1686	111	48	84	7.0
1687	111	48	88	6.0
1688	111	48	97	34.0
1689	111	48	98	12.0
1690	111	48	99	6.0
1691	111	48	101	7.0
1692	111	48	103	13.0
1693	111	48	104	12.0
1694	111	48	105	12.0
1695	111	48	106	7.0
1696	111	48	108	7.0
1697	111	48	147	7.0
1698	111	49	1	8.0
1699	111	49	2	9.0
1700	111	49	3	6.0
1701	111	49	4	5.0
1702	111	49	7	6.0
1703	111	49	27	8.0
1704	111	49	30	14.0
1705	111	49	50	10.0
1706	111	49	52	7.0
1707	111	49	55	13.0
1708	111	49	58	8.0
1709	111	49	59	37.0
1710	111	49	61	6.0
1711	111	49	67	6.0
1712	111	49	72	7.0
1713	111	49	73	7.0
1714	111	49	79	7.0
1715	111	49	80	8.0
1716	111	49	81	8.0
1717	111	49	82	6.0
1718	111	49	84	6.0
1719	111	49	87	8.0
1720	111	49	89	8.0
1721	111	49	98	6.0
1722	111	49	101	8.0
1723	111	49	102	8.0
1724	111	49	103	14.0
1725	111	49	104	7.0
1726	111	49	107	9.0
1727	111	49	108	6.0
1728	111	49	113	8.0
1729	111	49	114	10.0
1730	111	49	127	8.0
1731	111	50	1	29.0
1732	111	50	2	6.0
1733	111	50	3	14.0
1734	111	50	4	34.0
1735	111	50	5	35.0
1736	111	50	6	19.0
1737	111	50	8	15.0
1738	111	50	11	7.0
1739	111	50	19	6.0
1740	111	50	31	12.0
1741	111	50	32	23.0
1742	111	50	33	5.0
1743	111	50	38	5.0
1744	111	50	39	4.0
1745	111	50	44	12.0
1746	111	50	47	10.0
1747	111	50	52	11.0
1748	111	50	53	5.0
1749	111	50	54	6.0
1750	111	50	58	11.0
1751	111	50	59	37.0
1752	111	50	63	5.0
1753	111	50	67	12.0
1754	111	50	70	6.0
1755	111	50	71	5.0
1756	111	50	81	26.0
1757	111	50	82	12.0
1758	111	50	83	6.0
1759	111	50	84	12.0
1760	111	50	85	5.0
1761	111	50	88	6.0
1762	111	50	96	3.0
1763	111	50	97	6.0
1764	111	50	98	4.0
1765	111	50	100	11.0
1766	111	50	103	48.0
1767	111	50	104	11.0
1768	111	50	111	7.0
1769	111	50	112	6.0
1770	111	50	114	14.0
1771	111	50	117	7.0
1772	111	50	120	7.0
1773	111	50	131	12.0
1774	111	50	134	5.0
1775	111	50	147	28.0
1776	111	51	1	16.0
1777	111	51	2	15.0
1778	111	51	3	7.0
1779	111	51	4	38.0
1780	111	51	8	11.0
1781	111	51	9	15.0
1782	111	51	24	6.0
1783	111	51	27	13.0
1784	111	51	32	7.0
1785	111	51	33	7.0
1786	111	51	34	6.0
1787	111	51	35	6.0
1788	111	51	49	5.0
1789	111	51	52	47.0
1790	111	51	55	6.0
1791	111	51	58	17.0
1792	111	51	59	35.0
1793	111	51	67	19.0
1794	111	51	77	7.0
1795	111	51	80	7.0
1796	111	51	81	7.0
1797	111	51	82	6.0
1798	111	51	84	26.0
1799	111	51	85	14.0
1800	111	51	88	7.0
1801	111	51	97	13.0
1802	111	51	100	13.0
1803	111	51	103	32.0
1804	111	51	104	37.0
1805	111	51	105	6.0
1806	111	51	107	8.0
1807	111	51	108	7.0
1808	111	51	109	8.0
1809	111	51	114	8.0
1810	111	51	124	8.0
1811	111	51	141	7.0
1812	111	51	147	5.0
1813	111	52	1	7.0
1814	111	52	2	22.0
1815	111	52	3	21.0
1816	111	52	4	38.0
1817	111	52	5	7.0
1818	111	52	6	22.0
1819	111	52	9	8.0
1820	111	52	11	8.0
1821	111	52	14	16.0
1822	111	52	19	15.0
1823	111	52	22	6.0
1824	111	52	27	37.0
1825	111	52	29	7.0
1826	111	52	30	13.0
1827	111	52	31	6.0
1828	111	52	33	5.0
1829	111	52	35	13.0
1830	111	52	47	12.0
1831	111	52	49	5.0
1832	111	52	50	4.0
1833	111	52	54	6.0
1834	111	52	55	53.0
1835	111	52	58	34.0
1836	111	52	59	50.0
1837	111	52	62	5.0
1838	111	52	64	6.0
1839	111	52	67	12.0
1840	111	52	68	7.0
1841	111	52	74	13.0
1842	111	52	81	13.0
1843	111	52	84	14.0
1844	111	52	85	33.0
1845	111	52	87	7.0
1846	111	52	89	14.0
1847	111	52	91	7.0
1848	111	52	96	5.0
1849	111	52	97	13.0
1850	111	52	98	6.0
1851	111	52	99	7.0
1852	111	52	100	18.0
1853	111	52	101	13.0
1854	111	52	102	12.0
1855	111	52	103	57.0
1856	111	52	104	37.0
1857	111	52	105	6.0
1858	111	52	108	15.0
1859	111	52	109	23.0
1860	111	52	113	7.0
1861	111	52	114	23.0
1862	111	52	117	8.0
1863	111	52	147	22.0
1864	111	53	2	8.0
1865	111	53	4	15.0
1866	111	53	6	7.0
1867	111	53	35	7.0
1868	111	53	55	6.0
1869	111	53	59	20.0
1870	111	53	63	7.0
1871	111	53	84	5.0
1872	111	53	86	6.0
1873	111	53	87	13.0
1874	111	53	98	6.0
1875	111	53	103	25.0
1876	111	53	104	13.0
1877	111	54	1	35.0
1878	111	54	2	20.0
1879	111	54	3	5.0
1880	111	54	4	7.0
1881	111	54	5	34.0
1882	111	54	6	21.0
1883	111	54	7	5.0
1884	111	54	8	8.0
1885	111	54	10	7.0
1886	111	54	22	12.0
1887	111	54	23	10.0
1888	111	54	24	5.0
1889	111	54	26	6.0
1890	111	54	30	4.0
1891	111	54	31	5.0
1892	111	54	35	12.0
1893	111	54	38	6.0
1894	111	54	47	10.0
1895	111	54	51	5.0
1896	111	54	52	27.0
1897	111	54	55	17.0
1898	111	54	58	16.0
1899	111	54	59	45.0
1900	111	54	63	4.0
1901	111	54	67	4.0
1902	111	54	80	5.0
1903	111	54	81	5.0
1904	111	54	85	23.0
1905	111	54	86	11.0
1906	111	54	88	6.0
1907	111	54	92	5.0
1908	111	54	97	12.0
1909	111	54	98	11.0
1910	111	54	100	5.0
1911	111	54	103	12.0
1912	111	54	104	21.0
1913	111	54	105	5.0
1914	111	54	135	6.0
1915	111	54	147	28.0
1916	111	55	1	13.0
1917	111	55	2	6.0
1918	111	55	3	7.0
1919	111	55	4	21.0
1920	111	55	5	6.0
1921	111	55	6	7.0
1922	111	55	7	5.0
1923	111	55	9	7.0
1924	111	55	25	5.0
1925	111	55	26	5.0
1926	111	55	27	11.0
1927	111	55	29	6.0
1928	111	55	39	5.0
1929	111	55	48	5.0
1930	111	55	49	5.0
1931	111	55	52	12.0
1932	111	55	53	5.0
1933	111	55	54	5.0
1934	111	55	57	5.0
1935	111	55	58	16.0
1936	111	55	59	28.0
1937	111	55	61	11.0
1938	111	55	62	3.0
1939	111	55	66	11.0
1940	111	55	70	5.0
1941	111	55	74	6.0
1942	111	55	81	6.0
1943	111	55	85	4.0
1944	111	55	87	11.0
1945	111	55	88	6.0
1946	111	55	91	6.0
1947	111	55	95	6.0
1948	111	55	96	4.0
1949	111	55	97	5.0
1950	111	55	98	12.0
1951	111	55	100	17.0
1952	111	55	101	6.0
1953	111	55	103	17.0
1954	111	55	104	26.0
1955	111	55	105	4.0
1956	111	55	114	7.0
1957	111	55	147	21.0
1958	111	56	3	6.0
1959	111	56	18	7.0
1960	111	56	52	13.0
1961	111	56	58	5.0
1962	111	56	59	11.0
1963	111	56	60	6.0
1964	111	56	85	6.0
1965	111	56	98	7.0
1966	111	56	103	6.0
1967	111	56	105	5.0
1968	111	57	1	7.0
1969	111	57	2	14.0
1970	111	57	3	9.0
1971	111	57	5	7.0
1972	111	57	6	15.0
1973	111	57	8	3.0
1974	111	57	22	6.0
1975	111	57	24	7.0
1976	111	57	38	6.0
1977	111	57	41	7.0
1978	111	57	47	5.0
1979	111	57	49	6.0
1980	111	57	52	11.0
1981	111	57	54	6.0
1982	111	57	55	18.0
1983	111	57	58	21.0
1984	111	57	59	25.0
1985	111	57	70	5.0
1986	111	57	77	7.0
1987	111	57	83	7.0
1988	111	57	84	7.0
1989	111	57	86	7.0
1990	111	57	100	7.0
1991	111	57	102	5.0
1992	111	57	103	19.0
1993	111	57	104	12.0
1994	111	57	105	7.0
1995	111	57	147	22.0
1996	111	58	2	7.0
1997	111	58	3	17.0
1998	111	58	4	7.0
1999	111	58	5	7.0
2000	111	58	6	7.0
2001	111	58	7	23.0
2002	111	58	8	11.0
2003	111	58	9	7.0
2004	111	58	10	8.0
2005	111	58	17	8.0
2006	111	58	18	7.0
2007	111	58	25	14.0
2008	111	58	27	14.0
2009	111	58	31	7.0
2010	111	58	33	6.0
2011	111	58	36	7.0
2012	111	58	47	5.0
2013	111	58	49	13.0
2014	111	58	52	20.0
2015	111	58	54	5.0
2016	111	58	55	84.0
2017	111	58	57	6.0
2018	111	58	59	54.0
2019	111	58	60	6.0
2020	111	58	61	5.0
2021	111	58	63	6.0
2022	111	58	65	6.0
2023	111	58	67	7.0
2024	111	58	69	6.0
2025	111	58	77	21.0
2026	111	58	80	15.0
2027	111	58	81	21.0
2028	111	58	84	15.0
2029	111	58	85	7.0
2030	111	58	98	13.0
2031	111	58	100	14.0
2032	111	58	103	29.0
2033	111	58	104	4.0
2034	111	58	105	6.0
2035	111	58	112	8.0
2036	111	58	114	7.0
2037	111	58	137	7.0
2038	111	58	147	32.0
2039	111	59	1	8.0
2040	111	59	3	17.0
2041	111	59	4	26.0
2042	111	59	5	25.0
2043	111	59	6	9.0
2044	111	59	7	8.0
2045	111	59	8	9.0
2046	111	59	9	17.0
2047	111	59	24	7.0
2048	111	59	25	6.0
2049	111	59	26	15.0
2050	111	59	27	7.0
2051	111	59	30	15.0
2052	111	59	35	8.0
2053	111	59	47	5.0
2054	111	59	52	7.0
2055	111	59	53	7.0
2056	111	59	54	7.0
2057	111	59	57	14.0
2058	111	59	58	13.0
2059	111	59	67	21.0
2060	111	59	70	7.0
2061	111	59	81	8.0
2062	111	59	82	7.0
2063	111	59	83	15.0
2064	111	59	84	8.0
2065	111	59	87	7.0
2066	111	59	88	8.0
2067	111	59	90	8.0
2068	111	59	98	8.0
2069	111	59	100	7.0
2070	111	59	101	7.0
2071	111	59	103	8.0
2072	111	59	104	3.0
2073	111	59	114	18.0
2074	111	59	138	5.0
2075	111	60	2	10.0
2076	111	61	85	8.0
2077	111	62	1	70.0
2078	111	62	2	71.0
2079	111	62	3	14.0
2080	111	62	4	51.0
2081	111	62	5	56.0
2082	111	62	6	50.0
2083	111	62	7	6.0
2084	111	62	8	42.0
2085	111	62	9	43.0
2086	111	62	11	8.0
2087	111	62	16	6.0
2088	111	62	17	7.0
2089	111	62	21	8.0
2090	111	62	22	7.0
2091	111	62	23	11.0
2092	111	62	27	24.0
2093	111	62	30	6.0
2094	111	62	31	18.0
2095	111	62	33	12.0
2096	111	62	35	12.0
2097	111	62	38	19.0
2098	111	62	44	5.0
2099	111	62	47	17.0
2100	111	62	48	5.0
2101	111	62	49	11.0
2102	111	62	52	62.0
2103	111	62	54	10.0
2104	111	62	55	96.0
2105	111	62	58	84.0
2106	111	62	59	195.0
2107	111	62	61	6.0
2108	111	62	63	6.0
2109	111	62	66	6.0
2110	111	62	67	5.0
2111	111	62	70	12.0
2112	111	62	71	13.0
2113	111	62	72	17.0
2114	111	62	74	31.0
2115	111	62	76	7.0
2116	111	62	77	6.0
2117	111	62	79	12.0
2118	111	62	80	6.0
2119	111	62	81	25.0
2120	111	62	83	7.0
2121	111	62	84	31.0
2122	111	62	85	19.0
2123	111	62	86	6.0
2124	111	62	87	7.0
2125	111	62	90	7.0
2126	111	62	91	11.0
2127	111	62	92	6.0
2128	111	62	94	7.0
2129	111	62	97	12.0
2130	111	62	98	48.0
2131	111	62	99	5.0
2132	111	62	100	5.0
2133	111	62	101	7.0
2134	111	62	102	6.0
2135	111	62	103	61.0
2136	111	62	104	25.0
2137	111	62	105	6.0
2138	111	62	107	8.0
2139	111	62	109	7.0
2140	111	62	113	7.0
2141	111	62	114	15.0
2142	111	62	131	12.0
2143	111	62	135	13.0
2144	111	62	138	17.0
2145	111	62	139	7.0
2146	111	62	144	6.0
2147	111	62	146	6.0
2148	111	62	147	14.0
2149	111	63	1	6.0
2150	111	63	2	6.0
2151	111	63	3	14.0
2152	111	63	5	5.0
2153	111	63	7	6.0
2154	111	63	8	5.0
2155	111	63	9	7.0
2156	111	63	10	6.0
2157	111	63	11	14.0
2158	111	63	16	5.0
2159	111	63	17	7.0
2160	111	63	18	5.0
2161	111	63	25	6.0
2162	111	63	27	5.0
2163	111	63	30	5.0
2164	111	63	38	6.0
2165	111	63	45	5.0
2166	111	63	49	4.0
2167	111	63	52	11.0
2168	111	63	55	22.0
2169	111	63	58	22.0
2170	111	63	59	45.0
2171	111	63	60	5.0
2172	111	63	62	4.0
2173	111	63	71	6.0
2174	111	63	72	4.0
2175	111	63	80	5.0
2176	111	63	81	6.0
2177	111	63	82	6.0
2178	111	63	85	18.0
2179	111	63	86	6.0
2180	111	63	90	5.0
2181	111	63	91	5.0
2182	111	63	103	30.0
2183	111	63	104	5.0
2184	111	63	136	4.0
2185	111	64	8	1.0
2186	111	64	19	16.0
2187	111	64	55	12.0
2188	111	64	59	22.0
2189	111	64	68	14.0
2190	111	64	104	2.0
2191	111	65	1	14.0
2192	111	65	2	6.0
2193	111	65	3	28.0
2194	111	65	4	6.0
2195	111	65	6	6.0
2196	111	65	8	5.0
2197	111	65	16	6.0
2198	111	65	22	5.0
2199	111	65	23	5.0
2200	111	65	24	4.0
2201	111	65	26	6.0
2202	111	65	27	23.0
2203	111	65	38	6.0
2204	111	65	41	5.0
2205	111	65	42	5.0
2206	111	65	43	5.0
2207	111	65	46	6.0
2208	111	65	47	10.0
2209	111	65	52	5.0
2210	111	65	55	11.0
2211	111	65	57	5.0
2212	111	65	58	50.0
2213	111	65	59	61.0
2214	111	65	62	3.0
2215	111	65	64	5.0
2216	111	65	67	4.0
2217	111	65	72	11.0
2218	111	65	77	6.0
2219	111	65	80	6.0
2220	111	65	81	5.0
2221	111	65	83	4.0
2222	111	65	84	6.0
2223	111	65	98	6.0
2224	111	65	100	5.0
2225	111	65	103	18.0
2226	111	65	105	5.0
2227	111	65	112	6.0
2228	111	65	136	3.0
2229	111	65	147	14.0
2230	111	66	1	29.0
2231	111	66	2	6.0
2232	111	66	3	16.0
2233	111	66	4	23.0
2234	111	66	5	10.0
2235	111	66	6	16.0
2236	111	66	7	5.0
2237	111	66	8	5.0
2238	111	66	16	7.0
2239	111	66	22	6.0
2240	111	66	24	5.0
2241	111	66	31	5.0
2242	111	66	36	6.0
2243	111	66	42	6.0
2244	111	66	52	6.0
2245	111	66	54	11.0
2246	111	66	55	6.0
2247	111	66	58	5.0
2248	111	66	59	23.0
2249	111	66	69	6.0
2250	111	66	73	4.0
2251	111	66	77	6.0
2252	111	66	82	11.0
2253	111	66	84	17.0
2254	111	66	85	5.0
2255	111	66	87	6.0
2256	111	66	90	6.0
2257	111	66	91	5.0
2258	111	66	94	5.0
2259	111	66	98	11.0
2260	111	66	100	23.0
2261	111	66	101	6.0
2262	111	66	103	36.0
2263	111	66	104	20.0
2264	111	66	106	10.0
2265	111	66	107	6.0
2266	111	66	111	8.0
2267	111	66	114	7.0
2268	111	66	131	7.0
2269	111	66	147	5.0
2270	111	67	1	14.0
2271	111	67	2	31.0
2272	111	67	3	6.0
2273	111	67	4	6.0
2274	111	67	5	15.0
2275	111	67	7	6.0
2276	111	67	8	7.0
2277	111	67	9	15.0
2278	111	67	10	18.0
2279	111	67	20	7.0
2280	111	67	23	15.0
2281	111	67	25	7.0
2282	111	67	27	22.0
2283	111	67	28	7.0
2284	111	67	30	7.0
2285	111	67	36	16.0
2286	111	67	38	14.0
2287	111	67	43	7.0
2288	111	67	48	6.0
2289	111	67	49	16.0
2290	111	67	52	30.0
2291	111	67	54	7.0
2292	111	67	55	22.0
2293	111	67	58	14.0
2294	111	67	59	31.0
2295	111	67	62	5.0
2296	111	67	69	8.0
2297	111	67	70	7.0
2298	111	67	71	7.0
2299	111	67	72	7.0
2300	111	67	73	6.0
2301	111	67	74	16.0
2302	111	67	80	15.0
2303	111	67	82	7.0
2304	111	67	83	8.0
2305	111	67	84	36.0
2306	111	67	85	16.0
2307	111	67	86	6.0
2308	111	67	88	7.0
2309	111	67	90	7.0
2310	111	67	91	7.0
2311	111	67	94	6.0
2312	111	67	95	7.0
2313	111	67	97	7.0
2314	111	67	98	22.0
2315	111	67	99	16.0
2316	111	67	100	31.0
2317	111	67	101	23.0
2318	111	67	102	16.0
2319	111	67	103	78.0
2320	111	67	104	20.0
2321	111	67	105	30.0
2322	111	67	106	22.0
2323	111	67	111	9.0
2324	111	67	113	6.0
2325	111	67	114	37.0
2326	111	67	121	8.0
2327	111	67	133	6.0
2328	111	67	141	7.0
2329	111	67	146	7.0
2330	111	67	147	15.0
2331	111	68	2	16.0
2332	111	68	3	14.0
2333	111	68	4	7.0
2334	111	68	5	15.0
2335	111	68	6	32.0
2336	111	68	7	7.0
2337	111	68	8	14.0
2338	111	68	9	8.0
2339	111	68	30	8.0
2340	111	68	47	7.0
2341	111	68	52	24.0
2342	111	68	55	15.0
2343	111	68	58	8.0
2344	111	68	59	20.0
2345	111	68	76	9.0
2346	111	68	81	14.0
2347	111	68	82	7.0
2348	111	68	84	14.0
2349	111	68	85	24.0
2350	111	68	91	14.0
2351	111	68	98	24.0
2352	111	68	100	23.0
2353	111	68	103	48.0
2354	111	68	104	15.0
2355	111	68	107	9.0
2356	111	68	108	10.0
2357	111	68	116	9.0
2358	111	68	146	8.0
2359	111	68	147	23.0
2360	111	69	1	22.0
2361	111	69	2	15.0
2362	111	69	3	4.0
2363	111	69	4	54.0
2364	111	69	5	4.0
2365	111	69	6	16.0
2366	111	69	7	5.0
2367	111	69	8	16.0
2368	111	69	9	11.0
2369	111	69	11	6.0
2370	111	69	16	5.0
2371	111	69	22	5.0
2372	111	69	24	10.0
2373	111	69	26	4.0
2374	111	69	27	5.0
2375	111	69	29	5.0
2376	111	69	31	17.0
2377	111	69	33	11.0
2378	111	69	35	5.0
2379	111	69	38	5.0
2380	111	69	39	5.0
2381	111	69	42	4.0
2382	111	69	47	11.0
2383	111	69	48	10.0
2384	111	69	50	4.0
2385	111	69	51	5.0
2386	111	69	52	11.0
2387	111	69	55	16.0
2388	111	69	59	36.0
2389	111	69	62	9.0
2390	111	69	67	4.0
2391	111	69	74	5.0
2392	111	69	76	4.0
2393	111	69	80	5.0
2394	111	69	81	22.0
2395	111	69	82	5.0
2396	111	69	83	4.0
2397	111	69	84	11.0
2398	111	69	86	5.0
2399	111	69	87	10.0
2400	111	69	95	5.0
2401	111	69	96	3.0
2402	111	69	97	11.0
2403	111	69	98	45.0
2404	111	69	99	11.0
2405	111	69	100	5.0
2406	111	69	101	6.0
2407	111	69	103	34.0
2408	111	69	104	13.0
2409	111	69	105	17.0
2410	111	69	107	12.0
2411	111	69	114	6.0
2412	111	69	117	7.0
2413	111	69	131	5.0
2414	111	69	146	11.0
2415	111	69	147	10.0
2416	111	70	1	28.0
2417	111	70	2	55.0
2418	111	70	3	17.0
2419	111	70	4	55.0
2420	111	70	6	34.0
2421	111	70	7	10.0
2422	111	70	8	10.0
2423	111	70	9	11.0
2424	111	70	14	7.0
2425	111	70	15	7.0
2426	111	70	26	11.0
2427	111	70	27	5.0
2428	111	70	31	11.0
2429	111	70	34	6.0
2430	111	70	38	6.0
2431	111	70	48	5.0
2432	111	70	49	6.0
2433	111	70	52	17.0
2434	111	70	54	5.0
2435	111	70	55	23.0
2436	111	70	58	6.0
2437	111	70	59	83.0
2438	111	70	66	5.0
2439	111	70	73	5.0
2440	111	70	74	11.0
2441	111	70	80	17.0
2442	111	70	81	6.0
2443	111	70	84	17.0
2444	111	70	85	16.0
2445	111	70	87	6.0
2446	111	70	91	6.0
2447	111	70	96	5.0
2448	111	70	97	11.0
2449	111	70	98	6.0
2450	111	70	100	30.0
2451	111	70	103	23.0
2452	111	70	104	16.0
2453	111	70	108	13.0
2454	111	70	112	7.0
2455	111	70	114	47.0
2456	111	70	147	11.0
2457	111	71	1	28.0
2458	111	71	2	7.0
2459	111	71	3	8.0
2460	111	71	4	47.0
2461	111	71	5	27.0
2462	111	71	8	8.0
2463	111	71	10	10.0
2464	111	71	11	11.0
2465	111	71	27	8.0
2466	111	71	44	8.0
2467	111	71	48	8.0
2468	111	71	50	8.0
2469	111	71	52	10.0
2470	111	71	59	9.0
2471	111	71	76	10.0
2472	111	71	84	28.0
2473	111	71	85	7.0
2474	111	71	100	9.0
2475	111	71	101	9.0
2476	111	71	103	19.0
2477	111	71	104	15.0
2478	111	71	105	29.0
2479	111	72	1	5.0
2480	111	72	2	20.0
2481	111	72	3	12.0
2482	111	72	4	13.0
2483	111	72	5	6.0
2484	111	72	6	13.0
2485	111	72	11	7.0
2486	111	72	14	7.0
2487	111	72	23	5.0
2488	111	72	31	6.0
2489	111	72	38	6.0
2490	111	72	47	5.0
2491	111	72	52	13.0
2492	111	72	58	13.0
2493	111	72	59	17.0
2494	111	72	84	5.0
2495	111	72	85	14.0
2496	111	72	86	5.0
2497	111	72	88	13.0
2498	111	72	98	7.0
2499	111	72	100	6.0
2500	111	72	103	46.0
2501	111	72	104	16.0
2502	111	72	131	20.0
2503	111	72	147	13.0
2504	111	73	1	8.0
2505	111	73	2	9.0
2506	111	73	4	9.0
2507	111	73	6	8.0
2508	111	73	8	11.0
2509	111	73	24	10.0
2510	111	73	38	8.0
2511	111	73	47	26.0
2512	111	73	52	17.0
2513	111	73	54	8.0
2514	111	73	55	8.0
2515	111	73	59	15.0
2516	111	73	60	10.0
2517	111	73	76	9.0
2518	111	73	84	9.0
2519	111	73	86	18.0
2520	111	73	100	27.0
2521	111	73	103	18.0
2522	111	73	104	2.0
2523	111	73	105	18.0
2524	111	73	107	12.0
2525	111	73	108	8.0
2526	111	73	114	20.0
2527	111	73	141	9.0
2528	111	74	1	36.0
2529	111	74	2	21.0
2530	111	74	3	5.0
2531	111	74	4	26.0
2532	111	74	6	10.0
2533	111	74	8	2.0
2534	111	74	15	6.0
2535	111	74	16	6.0
2536	111	74	23	4.0
2537	111	74	24	5.0
2538	111	74	26	10.0
2539	111	74	36	5.0
2540	111	74	38	6.0
2541	111	74	47	4.0
2542	111	74	55	10.0
2543	111	74	58	5.0
2544	111	74	59	70.0
2545	111	74	60	5.0
2546	111	74	67	4.0
2547	111	74	73	3.0
2548	111	74	76	9.0
2549	111	74	80	10.0
2550	111	74	84	5.0
2551	111	74	87	4.0
2552	111	74	88	5.0
2553	111	74	91	5.0
2554	111	74	97	10.0
2555	111	74	98	15.0
2556	111	74	99	5.0
2557	111	74	100	6.0
2558	111	74	103	5.0
2559	111	74	106	5.0
2560	111	74	107	4.0
2561	111	74	113	6.0
2562	111	74	114	12.0
2563	111	74	116	4.0
2564	111	75	1	10.0
2565	111	75	59	2.0
2566	111	75	84	11.0
2567	111	75	98	11.0
2568	111	76	1	25.0
2569	111	76	2	24.0
2570	111	76	3	12.0
2571	111	76	4	35.0
2572	111	76	5	5.0
2573	111	76	6	19.0
2574	111	76	8	12.0
2575	111	76	9	12.0
2576	111	76	10	6.0
2577	111	76	15	7.0
2578	111	76	27	11.0
2579	111	76	29	6.0
2580	111	76	31	12.0
2581	111	76	34	6.0
2582	111	76	39	6.0
2583	111	76	47	5.0
2584	111	76	48	5.0
2585	111	76	52	30.0
2586	111	76	54	6.0
2587	111	76	55	29.0
2588	111	76	58	25.0
2589	111	76	59	46.0
2590	111	76	60	18.0
2591	111	76	61	12.0
2592	111	76	67	7.0
2593	111	76	68	6.0
2594	111	76	69	12.0
2595	111	76	72	6.0
2596	111	76	74	11.0
2597	111	76	77	25.0
2598	111	76	79	13.0
2599	111	76	80	11.0
2600	111	76	81	18.0
2601	111	76	83	6.0
2602	111	76	84	6.0
2603	111	76	85	36.0
2604	111	76	87	12.0
2605	111	76	88	36.0
2606	111	76	89	6.0
2607	111	76	90	6.0
2608	111	76	91	11.0
2609	111	76	94	5.0
2610	111	76	95	5.0
2611	111	76	97	12.0
2612	111	76	98	36.0
2613	111	76	100	37.0
2614	111	76	101	12.0
2615	111	76	103	105.0
2616	111	76	104	54.0
2617	111	76	105	36.0
2618	111	76	113	6.0
2619	111	76	114	14.0
2620	111	76	131	6.0
2621	111	76	139	5.0
2622	111	76	147	11.0
2623	111	77	1	22.0
2624	111	77	2	16.0
2625	111	77	3	4.0
2626	111	77	4	16.0
2627	111	77	6	12.0
2628	111	77	8	11.0
2629	111	77	9	5.0
2630	111	77	14	6.0
2631	111	77	22	11.0
2632	111	77	25	4.0
2633	111	77	27	5.0
2634	111	77	47	16.0
2635	111	77	52	16.0
2636	111	77	55	16.0
2637	111	77	58	6.0
2638	111	77	59	21.0
2639	111	77	62	3.0
2640	111	77	73	3.0
2641	111	77	74	5.0
2642	111	77	75	6.0
2643	111	77	76	5.0
2644	111	77	79	5.0
2645	111	77	80	6.0
2646	111	77	81	16.0
2647	111	77	82	5.0
2648	111	77	84	33.0
2649	111	77	85	5.0
2650	111	77	86	5.0
2651	111	77	90	11.0
2652	111	77	91	4.0
2653	111	77	92	11.0
2654	111	77	98	4.0
2655	111	77	99	5.0
2656	111	77	100	38.0
2657	111	77	101	12.0
2658	111	77	102	10.0
2659	111	77	103	39.0
2660	111	77	104	12.0
2661	111	77	105	28.0
2662	111	77	106	4.0
2663	111	77	107	5.0
2664	111	77	114	14.0
2665	111	77	120	6.0
2666	111	77	121	6.0
2667	111	77	131	17.0
2668	111	77	147	11.0
2669	111	78	58	7.0
2670	111	78	77	8.0
2671	111	78	88	6.0
2672	111	78	97	8.0
2673	111	79	1	34.0
2674	111	79	2	11.0
2675	111	79	3	10.0
2676	111	79	4	35.0
2677	111	79	5	10.0
2678	111	79	6	18.0
2679	111	79	7	16.0
2680	111	79	8	29.0
2681	111	79	11	14.0
2682	111	79	24	5.0
2683	111	79	25	5.0
2684	111	79	26	5.0
2685	111	79	47	16.0
2686	111	79	52	6.0
2687	111	79	54	6.0
2688	111	79	55	47.0
2689	111	79	57	6.0
2690	111	79	58	12.0
2691	111	79	59	24.0
2692	111	79	61	6.0
2693	111	79	64	6.0
2694	111	79	66	6.0
2695	111	79	71	6.0
2696	111	79	72	5.0
2697	111	79	74	6.0
2698	111	79	76	7.0
2699	111	79	80	12.0
2700	111	79	81	11.0
2701	111	79	82	5.0
2702	111	79	84	35.0
2703	111	79	85	23.0
2704	111	79	86	6.0
2705	111	79	87	5.0
2706	111	79	88	6.0
2707	111	79	91	6.0
2708	111	79	92	17.0
2709	111	79	94	5.0
2710	111	79	95	6.0
2711	111	79	97	6.0
2712	111	79	98	17.0
2713	111	79	99	11.0
2714	111	79	100	31.0
2715	111	79	101	24.0
2716	111	79	102	5.0
2717	111	79	103	66.0
2718	111	79	104	36.0
2719	111	79	105	17.0
2720	111	79	106	6.0
2721	111	79	114	14.0
2722	111	79	117	7.0
2723	111	79	131	7.0
2724	111	79	141	6.0
2725	111	79	147	17.0
2726	111	80	1	9.0
2727	111	80	4	9.0
2728	111	80	6	10.0
2729	111	80	7	19.0
2730	111	80	8	11.0
2731	111	80	9	9.0
2732	111	80	16	11.0
2733	111	80	27	20.0
2734	111	80	30	10.0
2735	111	80	44	9.0
2736	111	80	47	19.0
2737	111	80	49	11.0
2738	111	80	52	20.0
2739	111	80	55	10.0
2740	111	80	58	10.0
2741	111	80	59	20.0
2742	111	80	72	9.0
2743	111	80	84	10.0
2744	111	80	96	24.0
2745	111	80	97	10.0
2746	111	80	98	24.0
2747	111	80	100	30.0
2748	111	80	101	21.0
2749	111	80	103	30.0
2750	111	80	104	24.0
2751	111	80	107	9.0
2752	111	80	113	9.0
2753	111	80	131	10.0
2754	111	81	1	5.0
2755	111	81	2	29.0
2756	111	81	3	6.0
2757	111	81	4	23.0
2758	111	81	5	5.0
2759	111	81	6	18.0
2760	111	81	8	14.0
2761	111	81	10	27.0
2762	111	81	12	21.0
2763	111	81	14	6.0
2764	111	81	16	7.0
2765	111	81	19	13.0
2766	111	81	21	7.0
2767	111	81	22	12.0
2768	111	81	24	18.0
2769	111	81	25	11.0
2770	111	81	26	6.0
2771	111	81	27	24.0
2772	111	81	30	35.0
2773	111	81	31	18.0
2774	111	81	35	12.0
2775	111	81	36	6.0
2776	111	81	39	6.0
2777	111	81	44	5.0
2778	111	81	48	6.0
2779	111	81	49	23.0
2780	111	81	50	10.0
2781	111	81	52	19.0
2782	111	81	54	12.0
2783	111	81	55	6.0
2784	111	81	58	18.0
2785	111	81	59	32.0
2786	111	81	61	6.0
2787	111	81	62	5.0
2788	111	81	66	18.0
2789	111	81	67	6.0
2790	111	81	69	6.0
2791	111	81	72	5.0
2792	111	81	77	6.0
2793	111	81	80	5.0
2794	111	81	82	25.0
2795	111	81	83	6.0
2796	111	81	84	11.0
2797	111	81	85	30.0
2798	111	81	86	12.0
2799	111	81	87	18.0
2800	111	81	88	7.0
2801	111	81	91	6.0
2802	111	81	94	11.0
2803	111	81	95	18.0
2804	111	81	97	12.0
2805	111	81	98	37.0
2806	111	81	99	12.0
2807	111	81	100	30.0
2808	111	81	102	30.0
2809	111	81	103	74.0
2810	111	81	104	30.0
2811	111	81	105	12.0
2812	111	81	106	11.0
2813	111	81	107	5.0
2814	111	81	108	5.0
2815	111	81	109	12.0
2816	111	81	112	6.0
2817	111	81	113	12.0
2818	111	81	114	30.0
2819	111	81	115	6.0
2820	111	81	116	6.0
2821	111	81	117	6.0
2822	111	81	119	6.0
2823	111	81	124	6.0
2824	111	81	131	6.0
2825	111	81	133	6.0
2826	111	81	141	6.0
2827	111	81	143	6.0
2828	111	81	146	5.0
2829	111	81	147	30.0
2830	111	82	1	5.0
2831	111	82	2	18.0
2832	111	82	5	5.0
2833	111	82	6	12.0
2834	111	82	7	10.0
2835	111	82	8	7.0
2836	111	82	9	18.0
2837	111	82	10	6.0
2838	111	82	12	7.0
2839	111	82	23	13.0
2840	111	82	24	5.0
2841	111	82	27	5.0
2842	111	82	29	12.0
2843	111	82	30	25.0
2844	111	82	31	6.0
2845	111	82	35	6.0
2846	111	82	47	5.0
2847	111	82	50	4.0
2848	111	82	52	6.0
2849	111	82	55	25.0
2850	111	82	58	19.0
2851	111	82	59	12.0
2852	111	82	81	17.0
2853	111	82	84	6.0
2854	111	82	85	6.0
2855	111	82	90	6.0
2856	111	82	92	6.0
2857	111	82	96	5.0
2858	111	82	97	12.0
2859	111	82	98	10.0
2860	111	82	99	17.0
2861	111	82	100	31.0
2862	111	82	101	12.0
2863	111	82	103	74.0
2864	111	82	104	15.0
2865	111	82	105	18.0
2866	111	82	106	6.0
2867	111	82	107	6.0
2868	111	82	114	25.0
2869	111	82	119	7.0
2870	111	82	135	6.0
2871	111	82	138	9.0
2872	111	82	141	6.0
2873	111	82	147	5.0
2874	111	83	1	9.0
2875	111	83	2	12.0
2876	111	83	3	13.0
2877	111	83	5	12.0
2878	111	83	8	7.0
2879	111	83	9	13.0
2880	111	83	20	7.0
2881	111	83	26	7.0
2882	111	83	30	7.0
2883	111	83	36	8.0
2884	111	83	46	7.0
2885	111	83	52	7.0
2886	111	83	58	6.0
2887	111	83	59	20.0
2888	111	83	80	6.0
2889	111	83	84	14.0
2890	111	83	85	6.0
2891	111	83	87	6.0
2892	111	83	94	6.0
2893	111	83	98	6.0
2894	111	83	99	6.0
2895	111	83	100	7.0
2896	111	83	103	20.0
2897	111	83	104	23.0
2898	111	83	105	7.0
2899	111	83	106	7.0
2900	111	83	121	7.0
2901	111	83	147	7.0
2902	111	84	2	45.0
2903	111	84	3	5.0
2904	111	84	4	16.0
2905	111	84	5	11.0
2906	111	84	6	17.0
2907	111	84	8	5.0
2908	111	84	9	6.0
2909	111	84	18	6.0
2910	111	84	23	10.0
2911	111	84	24	5.0
2912	111	84	26	11.0
2913	111	84	27	23.0
2914	111	84	30	21.0
2915	111	84	31	6.0
2916	111	84	34	5.0
2917	111	84	36	11.0
2918	111	84	37	5.0
2919	111	84	44	5.0
2920	111	84	52	6.0
2921	111	84	55	23.0
2922	111	84	58	5.0
2923	111	84	59	11.0
2924	111	84	61	6.0
2925	111	84	62	3.0
2926	111	84	63	5.0
2927	111	84	72	10.0
2928	111	84	74	6.0
2929	111	84	81	17.0
2930	111	84	82	6.0
2931	111	84	83	6.0
2932	111	84	85	29.0
2933	111	84	86	5.0
2934	111	84	88	6.0
2935	111	84	90	6.0
2936	111	84	91	5.0
2937	111	84	92	6.0
2938	111	84	97	18.0
2939	111	84	98	16.0
2940	111	84	99	11.0
2941	111	84	100	28.0
2942	111	84	101	6.0
2943	111	84	102	6.0
2944	111	84	103	68.0
2945	111	84	104	27.0
2946	111	84	106	6.0
2947	111	84	107	6.0
2948	111	84	109	6.0
2949	111	84	113	5.0
2950	111	84	114	11.0
2951	111	84	115	6.0
2952	111	84	139	5.0
2953	111	84	147	11.0
2954	111	86	1	17.0
2955	111	86	2	16.0
2956	111	86	3	4.0
2957	111	86	4	4.0
2958	111	86	5	10.0
2959	111	86	6	10.0
2960	111	86	7	4.0
2961	111	86	8	10.0
2962	111	86	9	10.0
2963	111	86	27	11.0
2964	111	86	39	5.0
2965	111	86	48	4.0
2966	111	86	49	5.0
2967	111	86	52	5.0
2968	111	86	55	5.0
2969	111	86	57	5.0
2970	111	86	58	11.0
2971	111	86	59	12.0
2972	111	86	64	5.0
2973	111	86	67	4.0
2974	111	86	72	11.0
2975	111	86	80	16.0
2976	111	86	81	5.0
2977	111	86	82	4.0
2978	111	86	84	10.0
2979	111	86	85	5.0
2980	111	86	87	16.0
2981	111	86	88	10.0
2982	111	86	91	21.0
2983	111	86	92	11.0
2984	111	86	95	11.0
2985	111	86	96	4.0
2986	111	86	97	17.0
2987	111	86	98	26.0
2988	111	86	100	11.0
2989	111	86	101	11.0
2990	111	86	103	50.0
2991	111	86	104	19.0
2992	111	86	105	21.0
2993	111	86	106	5.0
2994	111	86	107	4.0
2995	111	86	109	5.0
2996	111	86	110	5.0
2997	111	86	114	22.0
2998	111	86	131	11.0
2999	111	86	143	5.0
3000	111	86	144	10.0
3001	111	86	146	6.0
3002	111	86	147	11.0
3003	111	87	5	13.0
3004	111	87	16	15.0
3005	111	87	47	25.0
3006	111	87	52	27.0
3007	111	87	55	13.0
3008	111	87	58	40.0
3009	111	87	59	46.0
3010	111	87	67	13.0
3011	111	87	80	12.0
3012	111	87	82	13.0
3013	111	87	83	13.0
3014	111	87	85	13.0
3015	111	87	86	12.0
3016	111	87	89	13.0
3017	111	87	100	13.0
3018	111	87	103	26.0
3019	111	87	104	10.0
3020	111	87	120	13.0
3021	111	88	1	9.0
3022	111	88	2	31.0
3023	111	88	3	20.0
3024	111	88	4	9.0
3025	111	88	5	4.0
3026	111	88	6	10.0
3027	111	88	7	4.0
3028	111	88	8	16.0
3029	111	88	9	10.0
3030	111	88	12	11.0
3031	111	88	16	5.0
3032	111	88	21	6.0
3033	111	88	24	4.0
3034	111	88	26	4.0
3035	111	88	27	14.0
3036	111	88	30	5.0
3037	111	88	31	5.0
3038	111	88	35	10.0
3039	111	88	47	9.0
3040	111	88	49	5.0
3041	111	88	50	10.0
3042	111	88	52	21.0
3043	111	88	55	14.0
3044	111	88	58	21.0
3045	111	88	59	51.0
3046	111	88	68	5.0
3047	111	88	72	4.0
3048	111	88	74	5.0
3049	111	88	81	4.0
3050	111	88	82	10.0
3051	111	88	84	27.0
3052	111	88	85	26.0
3053	111	88	86	15.0
3054	111	88	87	15.0
3055	111	88	91	21.0
3056	111	88	92	10.0
3057	111	88	94	15.0
3058	111	88	96	9.0
3059	111	88	97	5.0
3060	111	88	98	25.0
3061	111	88	99	5.0
3062	111	88	100	5.0
3063	111	88	101	10.0
3064	111	88	102	5.0
3065	111	88	103	93.0
3066	111	88	104	31.0
3067	111	88	105	15.0
3068	111	88	106	9.0
3069	111	88	107	5.0
3070	111	88	114	5.0
3071	111	88	115	10.0
3072	111	88	118	3.0
3073	111	88	131	72.0
3074	111	88	135	5.0
3075	111	88	141	10.0
3076	111	88	142	5.0
3077	111	88	147	5.0
3078	111	89	2	5.0
3079	111	89	4	4.0
3080	111	89	5	15.0
3081	111	89	8	7.0
3082	111	89	10	6.0
3083	111	89	26	5.0
3084	111	89	44	10.0
3085	111	89	47	4.0
3086	111	89	49	5.0
3087	111	89	52	5.0
3088	111	89	58	5.0
3089	111	89	59	23.0
3090	111	89	72	4.0
3091	111	89	80	4.0
3092	111	89	81	4.0
3093	111	89	82	10.0
3094	111	89	85	9.0
3095	111	89	86	5.0
3096	111	89	88	27.0
3097	111	89	91	15.0
3098	111	89	98	4.0
3099	111	89	99	6.0
3100	111	89	100	10.0
3101	111	89	101	4.0
3102	111	89	103	16.0
3103	111	89	104	12.0
3104	111	89	105	5.0
3105	111	89	107	4.0
3106	111	89	112	5.0
3107	111	89	133	4.0
3108	111	89	134	5.0
3109	111	90	1	34.0
3110	111	90	2	23.0
3111	111	90	3	16.0
3112	111	90	4	10.0
3113	111	90	5	5.0
3114	111	90	6	16.0
3115	111	90	7	5.0
3116	111	90	8	51.0
3117	111	90	9	5.0
3118	111	90	11	12.0
3119	111	90	27	12.0
3120	111	90	29	11.0
3121	111	90	30	6.0
3122	111	90	32	5.0
3123	111	90	35	11.0
3124	111	90	45	6.0
3125	111	90	47	5.0
3126	111	90	48	5.0
3127	111	90	49	5.0
3128	111	90	52	18.0
3129	111	90	58	6.0
3130	111	90	59	42.0
3131	111	90	65	6.0
3132	111	90	72	109.0
3133	111	90	80	10.0
3134	111	90	81	6.0
3135	111	90	84	39.0
3136	111	90	85	30.0
3137	111	90	86	11.0
3138	111	90	87	6.0
3139	111	90	88	11.0
3140	111	90	89	11.0
3141	111	90	91	10.0
3142	111	90	92	6.0
3143	111	90	94	5.0
3144	111	90	97	11.0
3145	111	90	98	16.0
3146	111	90	99	6.0
3147	111	90	100	11.0
3148	111	90	101	30.0
3149	111	90	102	10.0
3150	111	90	103	63.0
3151	111	90	104	25.0
3152	111	90	105	39.0
3153	111	90	106	16.0
3154	111	90	114	17.0
3155	111	90	131	146.0
3156	111	90	142	6.0
3157	111	90	147	29.0
3158	111	91	1	60.0
3159	111	91	2	10.0
3160	111	91	3	19.0
3161	111	91	4	50.0
3162	111	91	6	59.0
3163	111	91	7	8.0
3164	111	91	8	13.0
3165	111	91	9	10.0
3166	111	91	22	10.0
3167	111	91	24	30.0
3168	111	91	35	10.0
3169	111	91	41	10.0
3170	111	91	45	9.0
3171	111	91	47	40.0
3172	111	91	52	20.0
3173	111	91	53	10.0
3174	111	91	55	20.0
3175	111	91	58	20.0
3176	111	91	59	61.0
3177	111	91	62	8.0
3178	111	91	67	9.0
3179	111	91	72	9.0
3180	111	91	80	9.0
3181	111	91	84	30.0
3182	111	91	85	50.0
3183	111	91	86	9.0
3184	111	91	88	31.0
3185	111	91	90	10.0
3186	111	91	94	9.0
3187	111	91	96	9.0
3188	111	91	98	19.0
3189	111	91	99	9.0
3190	111	91	100	20.0
3191	111	91	101	10.0
3192	111	91	102	9.0
3193	111	91	103	81.0
3194	111	91	104	13.0
3195	111	91	105	20.0
3196	111	91	111	20.0
3197	111	91	113	9.0
3198	111	91	114	31.0
3199	111	91	121	10.0
3200	111	91	131	30.0
3201	111	91	147	41.0
3202	111	92	1	74.0
3203	111	92	2	31.0
3204	111	92	3	37.0
3205	111	92	4	67.0
3206	111	92	5	36.0
3207	111	92	6	44.0
3208	111	92	7	17.0
3209	111	92	8	38.0
3210	111	92	9	11.0
3211	111	92	10	6.0
3212	111	92	11	7.0
3213	111	92	13	7.0
3214	111	92	17	14.0
3215	111	92	22	12.0
3216	111	92	24	6.0
3217	111	92	25	5.0
3218	111	92	26	6.0
3219	111	92	27	13.0
3220	111	92	30	18.0
3221	111	92	31	6.0
3222	111	92	33	7.0
3223	111	92	36	6.0
3224	111	92	38	6.0
3225	111	92	42	5.0
3226	111	92	43	6.0
3227	111	92	44	12.0
3228	111	92	45	6.0
3229	111	92	47	6.0
3230	111	92	48	5.0
3231	111	92	51	6.0
3232	111	92	52	50.0
3233	111	92	54	6.0
3234	111	92	55	37.0
3235	111	92	58	26.0
3236	111	92	59	90.0
3237	111	92	60	6.0
3238	111	92	61	11.0
3239	111	92	63	6.0
3240	111	92	70	6.0
3241	111	92	72	18.0
3242	111	92	74	6.0
3243	111	92	80	11.0
3244	111	92	81	38.0
3245	111	92	82	18.0
3246	111	92	84	105.0
3247	111	92	85	42.0
3248	111	92	86	18.0
3249	111	92	87	37.0
3250	111	92	88	12.0
3251	111	92	89	18.0
3252	111	92	90	37.0
3253	111	92	91	92.0
3254	111	92	94	30.0
3255	111	92	95	18.0
3256	111	92	96	5.0
3257	111	92	97	37.0
3258	111	92	98	31.0
3259	111	92	99	18.0
3260	111	92	100	74.0
3261	111	92	101	31.0
3262	111	92	102	5.0
3263	111	92	103	246.0
3264	111	92	104	118.0
3265	111	92	105	91.0
3266	111	92	106	26.0
3267	111	92	107	11.0
3268	111	92	109	6.0
3269	111	92	110	6.0
3270	111	92	112	5.0
3271	111	92	113	24.0
3272	111	92	114	56.0
3273	111	92	115	6.0
3274	111	92	118	4.0
3275	111	92	120	6.0
3276	111	92	123	6.0
3277	111	92	131	111.0
3278	111	92	134	6.0
3279	111	92	141	43.0
3280	111	92	142	6.0
3281	111	92	143	6.0
3282	111	92	147	50.0
3283	111	94	1	20.0
3284	111	94	2	84.0
3285	111	94	3	41.0
3286	111	94	4	84.0
3287	111	94	5	25.0
3288	111	94	6	75.0
3289	111	94	7	15.0
3290	111	94	8	35.0
3291	111	94	9	11.0
3292	111	94	10	18.0
3293	111	94	12	6.0
3294	111	94	13	6.0
3295	111	94	15	6.0
3296	111	94	19	5.0
3297	111	94	22	4.0
3298	111	94	24	5.0
3299	111	94	25	11.0
3300	111	94	26	5.0
3301	111	94	27	11.0
3302	111	94	29	5.0
3303	111	94	30	5.0
3304	111	94	35	5.0
3305	111	94	38	5.0
3306	111	94	41	5.0
3307	111	94	44	5.0
3308	111	94	45	4.0
3309	111	94	47	16.0
3310	111	94	52	43.0
3311	111	94	54	4.0
3312	111	94	55	48.0
3313	111	94	58	16.0
3314	111	94	59	43.0
3315	111	94	62	2.0
3316	111	94	70	5.0
3317	111	94	72	4.0
3318	111	94	74	5.0
3319	111	94	75	5.0
3320	111	94	76	10.0
3321	111	94	80	5.0
3322	111	94	81	32.0
3323	111	94	82	11.0
3324	111	94	84	101.0
3325	111	94	85	53.0
3326	111	94	86	11.0
3327	111	94	87	22.0
3328	111	94	88	36.0
3329	111	94	89	11.0
3330	111	94	90	16.0
3331	111	94	91	69.0
3332	111	94	92	41.0
3333	111	94	95	4.0
3334	111	94	96	3.0
3335	111	94	97	11.0
3336	111	94	98	31.0
3337	111	94	99	10.0
3338	111	94	100	43.0
3339	111	94	101	16.0
3340	111	94	102	4.0
3341	111	94	103	160.0
3342	111	94	104	80.0
3343	111	94	105	69.0
3344	111	94	106	5.0
3345	111	94	107	4.0
3346	111	94	109	5.0
3347	111	94	112	4.0
3348	111	94	113	10.0
3349	111	94	114	70.0
3350	111	94	131	16.0
3351	111	94	141	17.0
3352	111	94	142	5.0
3353	111	94	143	5.0
3354	111	94	146	5.0
3355	111	94	147	42.0
3356	111	95	1	24.0
3357	111	95	2	7.0
3358	111	95	3	35.0
3359	111	95	4	5.0
3360	111	95	5	11.0
3361	111	95	8	6.0
3362	111	95	9	5.0
3363	111	95	11	7.0
3364	111	95	22	6.0
3365	111	95	23	6.0
3366	111	95	25	5.0
3367	111	95	26	7.0
3368	111	95	27	17.0
3369	111	95	35	6.0
3370	111	95	44	11.0
3371	111	95	48	5.0
3372	111	95	52	25.0
3373	111	95	55	17.0
3374	111	95	59	25.0
3375	111	95	60	6.0
3376	111	95	61	6.0
3377	111	95	66	5.0
3378	111	95	68	6.0
3379	111	95	70	11.0
3380	111	95	72	5.0
3381	111	95	80	6.0
3382	111	95	81	6.0
3383	111	95	83	12.0
3384	111	95	84	36.0
3385	111	95	85	24.0
3386	111	95	86	11.0
3387	111	95	87	30.0
3388	111	95	88	18.0
3389	111	95	91	18.0
3390	111	95	92	12.0
3391	111	95	94	35.0
3392	111	95	97	6.0
3393	111	95	98	18.0
3394	111	95	99	6.0
3395	111	95	100	18.0
3396	111	95	103	90.0
3397	111	95	104	26.0
3398	111	95	105	17.0
3399	111	95	112	6.0
3400	111	95	113	12.0
3401	111	95	114	6.0
3402	111	95	131	66.0
3403	111	95	141	36.0
3404	111	95	147	6.0
3405	111	96	25	9.0
3406	111	96	52	9.0
3407	111	96	58	17.0
3408	111	96	80	9.0
3409	111	96	85	9.0
3410	111	96	96	9.0
3411	111	96	99	9.0
3412	111	96	104	9.0
3413	111	96	112	10.0
3414	111	96	114	10.0
3415	111	97	1	9.0
3416	111	97	2	60.0
3417	111	97	3	8.0
3418	111	97	4	4.0
3419	111	97	5	8.0
3420	111	97	6	4.0
3421	111	97	7	8.0
3422	111	97	8	24.0
3423	111	97	9	29.0
3424	111	97	11	11.0
3425	111	97	17	10.0
3426	111	97	21	11.0
3427	111	97	22	8.0
3428	111	97	27	7.0
3429	111	97	30	18.0
3430	111	97	33	26.0
3431	111	97	36	8.0
3432	111	97	42	8.0
3433	111	97	44	7.0
3434	111	97	49	7.0
3435	111	97	50	6.0
3436	111	97	55	23.0
3437	111	97	58	16.0
3438	111	97	59	67.0
3439	111	97	67	19.0
3440	111	97	68	9.0
3441	111	97	79	21.0
3442	111	97	80	19.0
3443	111	97	82	8.0
3444	111	97	83	8.0
3445	111	97	84	19.0
3446	111	97	85	8.0
3447	111	97	91	8.0
3448	111	97	92	8.0
3449	111	97	96	7.0
3450	111	97	98	39.0
3451	111	97	99	19.0
3452	111	97	100	28.0
3453	111	97	101	19.0
3454	111	97	102	39.0
3455	111	97	103	66.0
3456	111	97	104	74.0
3457	111	97	105	27.0
3458	111	97	108	8.0
3459	111	97	109	8.0
3460	111	97	110	5.0
3461	111	97	112	19.0
3462	111	97	113	7.0
3463	111	97	114	19.0
3464	111	97	117	8.0
3465	111	97	141	19.0
3466	111	97	144	8.0
3467	111	97	147	8.0
3468	111	98	1	5.0
3469	111	98	2	12.0
3470	111	98	5	13.0
3471	111	98	6	13.0
3472	111	98	7	12.0
3473	111	98	8	12.0
3474	111	98	18	14.0
3475	111	98	22	11.0
3476	111	98	24	11.0
3477	111	98	27	11.0
3478	111	98	28	36.0
3479	111	98	30	11.0
3480	111	98	31	36.0
3481	111	98	33	11.0
3482	111	98	35	12.0
3483	111	98	38	23.0
3484	111	98	42	12.0
3485	111	98	44	10.0
3486	111	98	52	10.0
3487	111	98	54	9.0
3488	111	98	55	41.0
3489	111	98	58	42.0
3490	111	98	59	40.0
3491	111	98	66	27.0
3492	111	98	80	12.0
3493	111	98	83	24.0
3494	111	98	84	49.0
3495	111	98	85	24.0
3496	111	98	87	6.0
3497	111	98	91	6.0
3498	111	98	92	12.0
3499	111	98	94	6.0
3500	111	98	96	25.0
3501	111	98	97	12.0
3502	111	98	99	25.0
3503	111	98	100	90.0
3504	111	98	101	12.0
3505	111	98	102	51.0
3506	111	98	103	50.0
3507	111	98	104	44.0
3508	111	98	105	38.0
3509	111	98	106	12.0
3510	111	98	108	12.0
3511	111	98	109	12.0
3512	111	98	112	12.0
3513	111	98	114	49.0
3514	111	98	116	12.0
3515	111	98	117	11.0
3516	111	99	4	13.0
3517	111	99	6	12.0
3518	111	99	19	16.0
3519	111	99	30	12.0
3520	111	99	31	11.0
3521	111	99	38	12.0
3522	111	99	59	6.0
3523	111	99	67	12.0
3524	111	99	97	12.0
3525	111	99	100	13.0
3526	111	99	103	12.0
3527	111	99	106	12.0
3528	111	99	108	11.0
3529	111	99	109	11.0
3530	111	100	1	32.0
3531	111	100	2	32.0
3532	111	100	3	10.0
3533	111	100	5	10.0
3534	111	100	7	21.0
3535	111	100	8	3.0
3536	111	100	10	13.0
3537	111	100	28	10.0
3538	111	100	30	5.0
3539	111	100	47	7.0
3540	111	100	52	17.0
3541	111	100	59	20.0
3542	111	100	80	10.0
3543	111	100	81	10.0
3544	111	100	82	19.0
3545	111	100	84	10.0
3546	111	100	85	9.0
3547	111	100	88	20.0
3548	111	100	96	10.0
3549	111	100	97	21.0
3550	111	100	98	31.0
3551	111	100	99	5.0
3552	111	100	101	42.0
3553	111	100	102	20.0
3554	111	100	103	86.0
3555	111	100	104	7.0
3556	111	100	105	9.0
3557	111	100	106	11.0
3558	111	100	107	9.0
3559	111	101	1	11.0
3560	111	101	2	12.0
3561	111	101	3	13.0
3562	111	101	4	5.0
3563	111	101	5	12.0
3564	111	101	7	35.0
3565	111	101	8	5.0
3566	111	101	11	15.0
3567	111	101	17	15.0
3568	111	101	22	12.0
3569	111	101	24	10.0
3570	111	101	25	32.0
3571	111	101	27	21.0
3572	111	101	29	21.0
3573	111	101	30	12.0
3574	111	101	36	11.0
3575	111	101	45	12.0
3576	111	101	47	28.0
3577	111	101	50	8.0
3578	111	101	55	39.0
3579	111	101	58	38.0
3580	111	101	59	20.0
3581	111	101	69	13.0
3582	111	101	75	13.0
3583	111	101	81	11.0
3584	111	101	83	12.0
3585	111	101	84	33.0
3586	111	101	86	11.0
3587	111	101	87	22.0
3588	111	101	88	12.0
3589	111	101	91	11.0
3590	111	101	96	22.0
3591	111	101	97	22.0
3592	111	101	98	22.0
3593	111	101	99	35.0
3594	111	101	100	60.0
3595	111	101	102	35.0
3596	111	101	103	94.0
3597	111	101	104	98.0
3598	111	101	105	6.0
3599	111	101	106	13.0
3600	111	101	107	21.0
3601	111	101	108	11.0
3602	111	101	111	22.0
3603	111	101	114	22.0
3604	111	101	118	11.0
3605	111	101	120	12.0
3606	111	101	142	12.0
3607	111	101	147	24.0
3608	111	102	2	8.0
3609	111	102	3	8.0
3610	111	102	8	1.0
3611	111	102	27	7.0
3612	111	102	30	8.0
3613	111	102	31	8.0
3614	111	102	33	7.0
3615	111	102	58	13.0
3616	111	102	59	9.0
3617	111	102	82	7.0
3618	111	102	84	4.0
3619	111	102	98	25.0
3620	111	102	100	9.0
3621	111	102	101	16.0
3622	111	102	103	8.0
3623	111	102	104	21.0
3624	111	102	105	8.0
3625	111	102	107	7.0
3626	111	102	109	8.0
3627	111	102	114	8.0
3628	111	102	146	8.0
3629	111	102	147	17.0
3630	111	103	104	2.0
3631	111	104	1	22.0
3632	111	104	3	21.0
3633	111	104	6	21.0
3634	111	104	7	5.0
3635	111	104	8	4.0
3636	111	104	11	13.0
3637	111	104	18	13.0
3638	111	104	28	10.0
3639	111	104	48	8.0
3640	111	104	55	9.0
3641	111	104	58	7.0
3642	111	104	59	2.0
3643	111	104	60	9.0
3644	111	104	67	10.0
3645	111	104	69	11.0
3646	111	104	84	9.0
3647	111	104	86	5.0
3648	111	104	91	6.0
3649	111	104	95	10.0
3650	111	104	97	11.0
3651	111	104	99	10.0
3652	111	104	100	11.0
3653	111	104	101	60.0
3654	111	104	102	9.0
3655	111	104	103	32.0
3656	111	104	105	10.0
3657	111	104	109	10.0
3658	111	104	113	5.0
3659	111	104	141	10.0
3660	111	104	146	11.0
3661	111	106	1	9.0
3662	111	106	2	8.0
3663	111	106	4	8.0
3664	111	106	7	19.0
3665	111	106	8	9.0
3666	111	106	29	8.0
3667	111	106	30	8.0
3668	111	106	31	8.0
3669	111	106	33	8.0
3670	111	106	45	8.0
3671	111	106	47	6.0
3672	111	106	48	6.0
3673	111	106	51	7.0
3674	111	106	52	7.0
3675	111	106	54	8.0
3676	111	106	55	15.0
3677	111	106	58	7.0
3678	111	106	59	10.0
3679	111	106	63	7.0
3680	111	106	80	8.0
3681	111	106	85	7.0
3682	111	106	86	8.0
3683	111	106	87	8.0
3684	111	106	88	18.0
3685	111	106	97	5.0
3686	111	106	98	8.0
3687	111	106	99	8.0
3688	111	106	100	37.0
3689	111	106	101	36.0
3690	111	106	102	9.0
3691	111	106	103	112.0
3692	111	106	104	28.0
3693	111	106	105	18.0
3694	111	106	107	9.0
3695	111	106	108	7.0
3696	111	106	113	34.0
3697	111	106	114	28.0
3698	111	106	115	8.0
3699	111	106	120	8.0
3700	111	106	126	9.0
3701	111	106	137	8.0
3702	111	107	2	7.0
3703	111	107	4	9.0
3704	111	107	7	6.0
3705	111	107	8	4.0
3706	111	107	9	7.0
3707	111	107	10	12.0
3708	111	107	19	12.0
3709	111	107	22	7.0
3710	111	107	24	5.0
3711	111	107	25	11.0
3712	111	107	26	7.0
3713	111	107	27	13.0
3714	111	107	30	13.0
3715	111	107	31	20.0
3716	111	107	35	7.0
3717	111	107	48	5.0
3718	111	107	54	6.0
3719	111	107	55	11.0
3720	111	107	58	5.0
3721	111	107	59	10.0
3722	111	107	63	5.0
3723	111	107	72	6.0
3724	111	107	81	7.0
3725	111	107	84	12.0
3726	111	107	98	6.0
3727	111	107	99	7.0
3728	111	107	100	27.0
3729	111	107	101	28.0
3730	111	107	102	6.0
3731	111	107	103	7.0
3732	111	107	104	24.0
3733	111	107	106	7.0
3734	111	107	108	5.0
3735	111	107	111	7.0
3736	111	107	113	6.0
3737	111	107	114	20.0
3738	111	107	117	13.0
3739	111	107	147	7.0
3740	111	108	3	5.0
3741	111	108	8	12.0
3742	111	108	30	7.0
3743	111	108	35	13.0
3744	111	108	58	7.0
3745	111	108	59	25.0
3746	111	108	61	5.0
3747	111	108	81	6.0
3748	111	108	96	5.0
3749	111	108	97	7.0
3750	111	108	99	7.0
3751	111	108	102	6.0
3752	111	108	103	6.0
3753	111	108	104	17.0
3754	111	108	107	6.0
3755	111	109	1	5.0
3756	111	109	2	5.0
3757	111	109	3	5.0
3758	111	109	4	6.0
3759	111	109	5	4.0
3760	111	109	6	12.0
3761	111	109	8	2.0
3762	111	109	9	4.0
3763	111	109	10	9.0
3764	111	109	18	10.0
3765	111	109	19	10.0
3766	111	109	21	10.0
3767	111	109	23	5.0
3768	111	109	25	11.0
3769	111	109	27	12.0
3770	111	109	29	6.0
3771	111	109	30	12.0
3772	111	109	31	17.0
3773	111	109	35	5.0
3774	111	109	45	5.0
3775	111	109	47	4.0
3776	111	109	49	4.0
3777	111	109	58	16.0
3778	111	109	59	18.0
3779	111	109	74	4.0
3780	111	109	81	12.0
3781	111	109	84	13.0
3782	111	109	85	4.0
3783	111	109	90	5.0
3784	111	109	91	6.0
3785	111	109	97	18.0
3786	111	109	98	17.0
3787	111	109	99	6.0
3788	111	109	100	13.0
3789	111	109	101	13.0
3790	111	109	102	25.0
3791	111	109	103	25.0
3792	111	109	104	19.0
3793	111	109	106	4.0
3794	111	109	107	4.0
3795	111	109	108	5.0
3796	111	109	114	30.0
3797	111	109	117	12.0
3798	111	109	121	6.0
3799	111	109	146	6.0
3800	111	110	1	9.0
3801	111	110	2	25.0
3802	111	110	3	8.0
3803	111	110	4	8.0
3804	111	110	6	10.0
3805	111	110	7	8.0
3806	111	110	8	24.0
3807	111	110	9	9.0
3808	111	110	10	15.0
3809	111	110	11	16.0
3810	111	110	19	16.0
3811	111	110	25	8.0
3812	111	110	30	8.0
3813	111	110	31	9.0
3814	111	110	38	9.0
3815	111	110	49	8.0
3816	111	110	55	24.0
3817	111	110	58	8.0
3818	111	110	59	48.0
3819	111	110	67	9.0
3820	111	110	80	17.0
3821	111	110	84	8.0
3822	111	110	85	9.0
3823	111	110	91	9.0
3824	111	110	96	8.0
3825	111	110	97	10.0
3826	111	110	98	25.0
3827	111	110	100	27.0
3828	111	110	101	44.0
3829	111	110	102	64.0
3830	111	110	103	35.0
3831	111	110	104	24.0
3832	111	110	105	19.0
3833	111	110	109	9.0
3834	111	110	112	9.0
3835	111	110	113	7.0
3836	111	110	114	26.0
3837	111	110	121	9.0
3838	111	110	124	8.0
3839	111	110	131	9.0
3840	111	110	141	8.0
3841	111	110	144	9.0
3842	111	111	1	4.0
3843	111	111	2	14.0
3844	111	111	3	27.0
3845	111	111	4	13.0
3846	111	111	6	14.0
3847	111	111	7	6.0
3848	111	111	8	14.0
3849	111	111	9	7.0
3850	111	111	10	11.0
3851	111	111	12	6.0
3852	111	111	17	5.0
3853	111	111	22	7.0
3854	111	111	23	6.0
3855	111	111	25	6.0
3856	111	111	26	5.0
3857	111	111	27	6.0
3858	111	111	30	27.0
3859	111	111	32	5.0
3860	111	111	39	6.0
3861	111	111	42	7.0
3862	111	111	47	5.0
3863	111	111	49	5.0
3864	111	111	55	19.0
3865	111	111	58	11.0
3866	111	111	59	9.0
3867	111	111	69	7.0
3868	111	111	77	6.0
3869	111	111	80	5.0
3870	111	111	83	7.0
3871	111	111	84	6.0
3872	111	111	85	7.0
3873	111	111	88	12.0
3874	111	111	92	7.0
3875	111	111	97	7.0
3876	111	111	98	6.0
3877	111	111	99	14.0
3878	111	111	100	13.0
3879	111	111	101	21.0
3880	111	111	102	35.0
3881	111	111	103	13.0
3882	111	111	104	12.0
3883	111	111	107	6.0
3884	111	111	108	13.0
3885	111	111	109	20.0
3886	111	111	112	7.0
3887	111	111	113	5.0
3888	111	111	114	38.0
3889	111	111	115	7.0
3890	111	111	116	6.0
3891	111	111	117	14.0
3892	111	111	118	4.0
3893	111	111	120	26.0
3894	111	111	147	14.0
3895	111	112	1	12.0
3896	111	112	2	7.0
3897	111	112	4	7.0
3898	111	112	6	7.0
3899	111	112	7	13.0
3900	111	112	8	9.0
3901	111	112	9	14.0
3902	111	112	10	36.0
3903	111	112	12	11.0
3904	111	112	18	5.0
3905	111	112	22	7.0
3906	111	112	24	5.0
3907	111	112	25	7.0
3908	111	112	26	6.0
3909	111	112	27	26.0
3910	111	112	29	13.0
3911	111	112	30	13.0
3912	111	112	35	13.0
3913	111	112	38	7.0
3914	111	112	49	5.0
3915	111	112	50	5.0
3916	111	112	52	6.0
3917	111	112	54	6.0
3918	111	112	55	25.0
3919	111	112	58	18.0
3920	111	112	59	47.0
3921	111	112	67	6.0
3922	111	112	81	5.0
3923	111	112	82	5.0
3924	111	112	84	7.0
3925	111	112	87	6.0
3926	111	112	91	6.0
3927	111	112	96	13.0
3928	111	112	97	14.0
3929	111	112	98	40.0
3930	111	112	99	7.0
3931	111	112	100	21.0
3932	111	112	101	20.0
3933	111	112	102	6.0
3934	111	112	103	35.0
3935	111	112	104	17.0
3936	111	112	105	7.0
3937	111	112	106	7.0
3938	111	112	107	5.0
3939	111	112	108	6.0
3940	111	112	111	6.0
3941	111	112	114	27.0
3942	111	112	117	13.0
3943	111	112	118	4.0
3944	111	112	141	7.0
3945	111	112	147	28.0
3946	111	113	2	5.0
3947	111	113	4	12.0
3948	111	113	6	6.0
3949	111	113	8	3.0
3950	111	113	9	4.0
3951	111	113	11	10.0
3952	111	113	18	9.0
3953	111	113	30	5.0
3954	111	113	31	6.0
3955	111	113	52	5.0
3956	111	113	59	11.0
3957	111	113	69	5.0
3958	111	113	84	12.0
3959	111	113	91	6.0
3960	111	113	96	9.0
3961	111	113	99	5.0
3962	111	113	100	19.0
3963	111	113	103	18.0
3964	111	113	104	15.0
3965	111	113	105	13.0
3966	111	113	109	5.0
3967	111	113	112	6.0
3968	111	113	114	23.0
3969	111	114	1	6.0
3970	111	114	2	6.0
3971	111	114	3	5.0
3972	111	114	4	13.0
3973	111	114	5	13.0
3974	111	114	6	21.0
3975	111	114	8	6.0
3976	111	114	9	13.0
3977	111	114	11	24.0
3978	111	114	22	5.0
3979	111	114	25	7.0
3980	111	114	26	5.0
3981	111	114	27	13.0
3982	111	114	29	7.0
3983	111	114	30	5.0
3984	111	114	31	13.0
3985	111	114	35	6.0
3986	111	114	47	5.0
3987	111	114	48	7.0
3988	111	114	52	6.0
3989	111	114	58	6.0
3990	111	114	59	41.0
3991	111	114	80	6.0
3992	111	114	81	19.0
3993	111	114	82	12.0
3994	111	114	84	27.0
3995	111	114	85	13.0
3996	111	114	87	7.0
3997	111	114	88	6.0
3998	111	114	98	6.0
3999	111	114	99	14.0
4000	111	114	100	6.0
4001	111	114	101	21.0
4002	111	114	102	13.0
4003	111	114	103	40.0
4004	111	114	104	45.0
4005	111	114	105	11.0
4006	111	114	106	7.0
4007	111	114	107	7.0
4008	111	114	109	6.0
4009	111	114	112	7.0
4010	111	114	117	14.0
4011	111	114	131	7.0
4012	111	114	139	5.0
4013	111	114	144	13.0
4014	111	114	147	5.0
4015	111	115	1	31.0
4016	111	115	2	50.0
4017	111	115	3	13.0
4018	111	115	4	32.0
4019	111	115	5	25.0
4020	111	115	6	50.0
4021	111	115	7	12.0
4022	111	115	8	20.0
4023	111	115	9	45.0
4024	111	115	11	34.0
4025	111	115	14	12.0
4026	111	115	18	11.0
4027	111	115	19	22.0
4028	111	115	26	7.0
4029	111	115	27	5.0
4030	111	115	30	7.0
4031	111	115	31	5.0
4032	111	115	35	24.0
4033	111	115	44	7.0
4034	111	115	47	16.0
4035	111	115	55	5.0
4036	111	115	58	29.0
4037	111	115	59	107.0
4038	111	115	66	6.0
4039	111	115	74	5.0
4040	111	115	76	7.0
4041	111	115	80	18.0
4042	111	115	81	19.0
4043	111	115	84	6.0
4044	111	115	85	19.0
4045	111	115	88	6.0
4046	111	115	91	6.0
4047	111	115	97	25.0
4048	111	115	98	13.0
4049	111	115	100	7.0
4050	111	115	101	19.0
4051	111	115	102	7.0
4052	111	115	103	65.0
4053	111	115	104	43.0
4054	111	115	105	19.0
4055	111	115	107	5.0
4056	111	115	108	30.0
4057	111	115	111	7.0
4058	111	115	112	23.0
4059	111	115	114	55.0
4060	111	115	116	6.0
4061	111	115	117	12.0
4062	111	115	120	7.0
4063	111	115	133	5.0
4064	111	115	141	7.0
4065	111	115	142	6.0
4066	111	115	147	13.0
4067	111	116	1	17.0
4068	111	116	2	31.0
4069	111	116	3	5.0
4070	111	116	4	13.0
4071	111	116	5	24.0
4072	111	116	6	5.0
4073	111	116	7	5.0
4074	111	116	8	7.0
4075	111	116	9	5.0
4076	111	116	10	21.0
4077	111	116	11	22.0
4078	111	116	12	22.0
4079	111	116	13	10.0
4080	111	116	14	22.0
4081	111	116	19	10.0
4082	111	116	24	5.0
4083	111	116	25	5.0
4084	111	116	26	5.0
4085	111	116	27	4.0
4086	111	116	29	6.0
4087	111	116	30	4.0
4088	111	116	33	5.0
4089	111	116	34	5.0
4090	111	116	48	5.0
4091	111	116	49	10.0
4092	111	116	52	22.0
4093	111	116	55	5.0
4094	111	116	58	17.0
4095	111	116	59	31.0
4096	111	116	72	5.0
4097	111	116	81	6.0
4098	111	116	82	12.0
4099	111	116	85	5.0
4100	111	116	86	12.0
4101	111	116	88	5.0
4102	111	116	92	5.0
4103	111	116	95	6.0
4104	111	116	96	10.0
4105	111	116	98	19.0
4106	111	116	99	13.0
4107	111	116	100	5.0
4108	111	116	101	13.0
4109	111	116	102	30.0
4110	111	116	103	38.0
4111	111	116	104	22.0
4112	111	116	105	5.0
4113	111	116	106	4.0
4114	111	116	107	11.0
4115	111	116	109	5.0
4116	111	116	111	12.0
4117	111	116	113	17.0
4118	111	116	114	36.0
4119	111	116	115	6.0
4120	111	116	117	6.0
4121	111	116	119	5.0
4122	111	116	120	12.0
4123	111	116	126	6.0
4124	111	116	144	5.0
4125	111	117	1	30.0
4126	111	117	2	30.0
4127	111	117	3	13.0
4128	111	117	4	23.0
4129	111	117	5	17.0
4130	111	117	6	4.0
4131	111	117	7	24.0
4132	111	117	8	4.0
4133	111	117	9	13.0
4134	111	117	10	21.0
4135	111	117	14	31.0
4136	111	117	19	10.0
4137	111	117	23	6.0
4138	111	117	24	5.0
4139	111	117	26	6.0
4140	111	117	27	23.0
4141	111	117	28	6.0
4142	111	117	29	5.0
4143	111	117	30	12.0
4144	111	117	31	6.0
4145	111	117	35	29.0
4146	111	117	38	5.0
4147	111	117	43	6.0
4148	111	117	45	5.0
4149	111	117	52	5.0
4150	111	117	54	4.0
4151	111	117	55	21.0
4152	111	117	58	4.0
4153	111	117	59	15.0
4154	111	117	80	11.0
4155	111	117	81	27.0
4156	111	117	84	5.0
4157	111	117	85	18.0
4158	111	117	86	4.0
4159	111	117	87	6.0
4160	111	117	89	5.0
4161	111	117	96	16.0
4162	111	117	97	6.0
4163	111	117	98	18.0
4164	111	117	99	12.0
4165	111	117	100	43.0
4166	111	117	101	18.0
4167	111	117	102	18.0
4168	111	117	103	48.0
4169	111	117	104	21.0
4170	111	117	105	4.0
4171	111	117	108	11.0
4172	111	117	109	18.0
4173	111	117	111	12.0
4174	111	117	112	6.0
4175	111	117	113	17.0
4176	111	117	114	23.0
4177	111	117	118	3.0
4178	111	117	121	12.0
4179	111	117	131	6.0
4180	111	117	132	11.0
4181	111	117	133	5.0
4182	111	117	141	6.0
4183	111	117	142	5.0
4184	111	117	146	6.0
4185	111	117	147	5.0
4186	111	118	1	4.0
4187	111	118	5	5.0
4188	111	118	6	5.0
4189	111	118	7	5.0
4190	111	118	8	2.0
4191	111	118	16	10.0
4192	111	118	58	12.0
4193	111	118	59	10.0
4194	111	118	103	6.0
4195	111	118	104	6.0
4196	111	118	110	5.0
4197	111	118	112	5.0
4198	111	118	114	4.0
4199	111	118	147	5.0
4200	111	119	2	28.0
4201	111	119	6	5.0
4202	111	119	9	13.0
4203	111	119	18	11.0
4204	111	119	22	6.0
4205	111	119	25	6.0
4206	111	119	29	6.0
4207	111	119	30	6.0
4208	111	119	35	7.0
4209	111	119	49	5.0
4210	111	119	55	5.0
4211	111	119	58	5.0
4212	111	119	59	6.0
4213	111	119	80	12.0
4214	111	119	84	7.0
4215	111	119	97	6.0
4216	111	119	98	6.0
4217	111	119	101	6.0
4218	111	119	104	4.0
4219	111	119	106	7.0
4220	111	119	109	7.0
4221	111	119	112	6.0
4222	111	119	114	28.0
4223	111	119	116	6.0
4224	111	119	120	7.0
4225	111	119	121	6.0
4226	111	119	144	5.0
4227	111	120	1	18.0
4228	111	120	2	31.0
4229	111	120	3	11.0
4230	111	120	4	42.0
4231	111	120	6	42.0
4232	111	120	8	27.0
4233	111	120	9	5.0
4234	111	120	11	32.0
4235	111	120	24	6.0
4236	111	120	26	5.0
4237	111	120	27	46.0
4238	111	120	30	18.0
4239	111	120	31	6.0
4240	111	120	33	5.0
4241	111	120	38	6.0
4242	111	120	39	4.0
4243	111	120	49	4.0
4244	111	120	52	11.0
4245	111	120	55	16.0
4246	111	120	58	22.0
4247	111	120	59	31.0
4248	111	120	74	12.0
4249	111	120	77	5.0
4250	111	120	80	5.0
4251	111	120	81	12.0
4252	111	120	82	6.0
4253	111	120	84	22.0
4254	111	120	85	35.0
4255	111	120	88	12.0
4256	111	120	89	6.0
4257	111	120	91	4.0
4258	111	120	92	6.0
4259	111	120	96	11.0
4260	111	120	97	6.0
4261	111	120	98	5.0
4262	111	120	99	6.0
4263	111	120	100	49.0
4264	111	120	101	24.0
4265	111	120	102	18.0
4266	111	120	103	67.0
4267	111	120	104	49.0
4268	111	120	107	5.0
4269	111	120	109	12.0
4270	111	120	112	5.0
4271	111	120	113	4.0
4272	111	120	114	94.0
4273	111	120	117	5.0
4274	111	120	121	6.0
4275	111	120	123	5.0
4276	111	120	131	5.0
4277	111	120	133	5.0
4278	111	120	146	12.0
4279	111	120	147	12.0
4280	111	121	99	15.0
4281	111	121	102	14.0
4282	111	121	109	15.0
4283	111	121	146	13.0
4284	111	122	3	7.0
4285	111	122	21	12.0
4286	111	122	28	6.0
4287	111	122	58	5.0
4288	111	122	59	3.0
4289	111	122	64	6.0
4290	111	122	92	5.0
4291	111	122	94	6.0
4292	111	122	101	7.0
4293	111	122	105	13.0
4294	111	122	108	5.0
4295	111	122	147	6.0
4296	111	123	6	6.0
4297	111	123	8	1.0
4298	111	123	100	7.0
4299	111	123	104	3.0
4300	111	123	146	7.0
4301	111	124	2	13.0
4302	111	124	3	48.0
4303	111	124	5	9.0
4304	111	124	10	22.0
4305	111	124	12	21.0
4306	111	124	14	22.0
4307	111	124	27	12.0
4308	111	124	31	12.0
4309	111	124	33	12.0
4310	111	124	52	33.0
4311	111	124	55	11.0
4312	111	124	59	4.0
4313	111	124	85	12.0
4314	111	124	100	13.0
4315	111	124	101	13.0
4316	111	124	104	5.0
4317	111	124	107	12.0
4318	111	124	114	12.0
4319	111	124	116	11.0
4320	111	124	117	12.0
4321	111	124	147	13.0
4322	111	132	104	6.0
4323	111	133	104	6.0
4324	111	134	8	12.0
4325	111	134	59	8.0
4326	111	134	104	2.0
4327	111	135	104	5.0
4328	111	136	59	4.0
4329	111	136	104	5.0
4330	111	137	59	4.0
4331	111	138	59	17.0
4332	111	139	59	11.0
4333	111	139	104	3.0
4334	111	141	8	6.0
4335	111	141	59	25.0
4336	111	141	104	15.0
4337	111	142	104	1.0
4338	111	143	104	3.0
4339	111	144	59	30.0
4340	111	144	104	7.0
4341	111	145	104	3.0
4342	111	146	8	5.0
4343	111	146	59	10.0
4344	111	146	104	6.0
4345	111	147	146	38.0
