id	type	source	dest	length (ft)	ffspd (mph)	w (mph)	capacity	num_lanes1	1000	1	117	5280.0	55.02272728423203	27.511363642116017	9000.0	1
2	1000	2	87	5280.0	55.02272728423203	27.511363642116017	9000.0	1
3	1000	3	74	5280.0	55.02272728423203	27.511363642116017	9000.0	1
4	1000	4	233	5280.0	55.02272728423203	27.511363642116017	9000.0	1
5	1000	5	165	5280.0	55.02272728423203	27.511363642116017	9000.0	1
6	1000	6	213	5280.0	55.02272728423203	27.511363642116017	9000.0	1
7	1000	7	253	5280.0	55.02272728423203	27.511363642116017	9000.0	1
8	1000	8	411	2640.0	30.0	15.0	5400.0	1
9	1000	9	379	2640.0	30.0	15.0	5400.0	1
10	1000	9	395	2640.0	30.0	15.0	5400.0	1
11	1000	10	338	2640.0	30.0	15.0	5400.0	1
12	1000	10	362	2640.0	30.0	15.0	5400.0	1
13	1000	11	309	2640.0	30.0	15.0	5400.0	1
14	1000	12	275	2640.0	30.0	15.0	5400.0	1
15	1000	13	262	2640.0	30.0	15.0	5400.0	1
16	1000	14	257	2640.0	30.0	15.0	5400.0	1
17	1000	15	254	2640.0	30.0	15.0	5400.0	1
18	1000	16	263	2640.0	30.0	15.0	5400.0	1
19	1000	17	276	2640.0	30.0	15.0	5400.0	1
20	1000	18	322	2640.0	30.0	15.0	5400.0	1
21	1000	18	348	2640.0	30.0	15.0	5400.0	1
22	1000	19	364	2640.0	30.0	15.0	5400.0	1
23	1000	19	380	2640.0	30.0	15.0	5400.0	1
24	1000	20	397	2640.0	30.0	15.0	5400.0	1
25	1000	21	412	2640.0	30.0	15.0	5400.0	1
26	1000	21	413	2640.0	30.0	15.0	5400.0	1
27	1000	22	414	2640.0	30.0	15.0	5400.0	1
28	1000	22	415	2640.0	30.0	15.0	5400.0	1
29	1000	23	416	2640.0	30.0	15.0	5400.0	1
30	1000	24	266	1320.0	100.62499998742187	50.31249999371094	12600.0	1
31	1000	24	267	1320.0	100.62499998742187	50.31249999371094	12600.0	1
32	1000	25	268	1320.0	100.62499998742187	50.31249999371094	12600.0	1
33	1000	25	269	1320.0	100.62499998742187	50.31249999371094	12600.0	1
34	1000	26	273	1320.0	100.62499998742187	50.31249999371094	12600.0	1
35	1000	26	274	1320.0	100.62499998742187	50.31249999371094	12600.0	1
36	1000	27	302	1320.0	100.62499998742187	50.31249999371094	12600.0	1
37	1000	27	303	1320.0	100.62499998742187	50.31249999371094	12600.0	1
38	1000	28	303	1320.0	100.62499998742187	50.31249999371094	12600.0	1
39	1000	28	304	1320.0	100.62499998742187	50.31249999371094	12600.0	1
40	1000	29	308	1320.0	100.62499998742187	50.31249999371094	12600.0	1
41	1000	29	337	1320.0	100.62499998742187	50.31249999371094	12600.0	1
42	1000	30	340	1320.0	100.62499998742187	50.31249999371094	12600.0	1
43	1000	30	341	1320.0	100.62499998742187	50.31249999371094	12600.0	1
44	1000	31	329	1320.0	100.62499998742187	50.31249999371094	12600.0	1
45	1000	31	330	1320.0	100.62499998742187	50.31249999371094	12600.0	1
46	1000	32	332	1320.0	100.62499998742187	50.31249999371094	12600.0	1
47	1000	32	333	1320.0	100.62499998742187	50.31249999371094	12600.0	1
48	1000	33	337	1320.0	100.62499998742187	50.31249999371094	12600.0	1
49	1000	33	361	1320.0	100.62499998742187	50.31249999371094	12600.0	1
50	1000	34	369	1320.0	100.62499998742187	50.31249999371094	12600.0	1
51	1000	34	385	1320.0	100.62499998742187	50.31249999371094	12600.0	1
52	1000	35	373	1320.0	100.62499998742187	50.31249999371094	12600.0	1
53	1000	35	389	1320.0	100.62499998742187	50.31249999371094	12600.0	1
54	1000	36	378	1320.0	100.62499998742187	50.31249999371094	12600.0	1
55	1000	36	394	1320.0	100.62499998742187	50.31249999371094	12600.0	1
56	1000	37	401	1320.0	100.62499998742187	50.31249999371094	12600.0	1
57	1000	37	402	1320.0	100.62499998742187	50.31249999371094	12600.0	1
58	1000	38	406	1320.0	100.62499998742187	50.31249999371094	12600.0	1
59	1000	38	407	1320.0	100.62499998742187	50.31249999371094	12600.0	1
60	100	39	266	3854.0000000000005	29.999999996886356	14.999999998443178	5400.0	1
61	100	39	267	3854.0000000000005	29.999999996886356	14.999999998443178	5400.0	1
62	100	40	268	3485.0	29.999999990358678	14.999999995179339	5400.0	1
63	100	40	269	3485.0	29.999999990358678	14.999999995179339	5400.0	1
64	100	41	273	2640.0	30.0	15.0	5400.0	1
65	100	41	274	2640.0	30.0	15.0	5400.0	1
66	100	42	302	2640.0	30.0	15.0	5400.0	1
67	100	42	303	2640.0	30.0	15.0	5400.0	1
68	100	43	303	4065.9999999999995	30.0000000029513	15.00000000147565	5400.0	1
69	100	43	304	4065.9999999999995	30.0000000029513	15.00000000147565	5400.0	1
70	100	44	308	2640.0	30.0	15.0	5400.0	1
71	100	44	337	7920.0	30.0	15.0	5400.0	1
72	100	45	340	2640.0	30.0	15.0	5400.0	1
73	100	45	341	2640.0	30.0	15.0	5400.0	1
74	100	46	329	2640.0	30.0	15.0	5400.0	1
75	100	46	330	2640.0	30.0	15.0	5400.0	1
76	100	47	332	2429.0	29.999999986167147	14.999999993083573	5400.0	1
77	100	47	333	2482.0	30.000000004834806	15.000000002417403	5400.0	1
78	100	48	337	2640.0	30.0	15.0	5400.0	1
79	100	48	361	2640.0	30.0	15.0	5400.0	1
80	100	49	369	2640.0	30.0	15.0	5400.0	1
81	100	49	385	2640.0	30.0	15.0	5400.0	1
82	100	50	373	2640.0	30.0	15.0	5400.0	1
83	100	50	389	2640.0	30.0	15.0	5400.0	1
84	100	51	378	2640.0	30.0	15.0	5400.0	1
85	100	51	394	2640.0	30.0	15.0	5400.0	1
86	100	52	401	2640.0	30.0	15.0	5400.0	1
87	100	52	402	2640.0	30.0	15.0	5400.0	1
88	100	53	406	2851.0	30.000000011785335	15.000000005892668	5400.0	1
89	100	53	407	2798.0	29.99999999571122	14.99999999785561	5400.0	1
90	100	54	56	1320.0	45.000000045	22.5000000225	9000.0	1
91	100	54	230	1320.0	45.000000045	22.5000000225	9000.0	1
92	100	55	59	1320.0	45.000000045	22.5000000225	9000.0	1
93	100	56	102	1320.0	45.000000045	22.5000000225	9000.0	1
94	100	57	54	1320.0	45.000000045	22.5000000225	9000.0	1
95	100	57	235	1320.0	45.000000045	22.5000000225	9000.0	1
96	100	58	137	1320.0	45.000000045	22.5000000225	9000.0	1
97	100	58	145	1320.0	45.000000045	22.5000000225	9000.0	1
98	100	59	146	1320.0	45.000000045	22.5000000225	9000.0	1
99	100	60	102	1320.0	45.000000045	22.5000000225	9000.0	1
100	100	60	230	1320.0	45.000000045	22.5000000225	9000.0	1
101	100	61	136	1320.0	45.000000045	22.5000000225	9000.0	1
102	1000	62	2	5280.0	55.02272728423203	27.511363642116017	9000.0	1
103	100	63	62	5280.0	55.02272728423203	27.511363642116017	7200.0	1
104	100	64	63	2640.0	55.02272728423203	27.511363642116017	7200.0	1
105	100	64	189	1320.0	45.000000045	22.5000000225	7200.0	1
106	100	65	64	1690.0	55.02272722929513	27.511363614647564	7200.0	1
107	100	66	65	1109.0	55.022727218349544	27.511363609174772	7200.0	1
108	100	67	66	1320.0	55.02272728423203	27.511363642116017	7200.0	1
109	100	67	260	1320.0	30.0	15.0	1800.0	1
110	100	68	67	8501.0	55.022727281905276	27.511363640952638	7200.0	1
111	100	69	68	1320.0	55.02272728423203	27.511363642116017	7200.0	1
112	100	69	258	1320.0	30.0	15.0	1800.0	1
113	100	70	69	6811.0	55.022727255843186	27.511363627921593	7200.0	1
114	100	71	70	1320.0	55.02272728423203	27.511363642116017	7200.0	1
115	100	71	255	1320.0	30.0	15.0	1800.0	1
116	100	72	71	1320.0	55.02272728423203	27.511363642116017	7200.0	1
117	100	73	72	2270.0	55.02272732513218	27.51136366256609	7200.0	1
118	100	73	141	1320.0	45.000000045	22.5000000225	7200.0	1
119	100	74	73	5280.0	55.02272728423203	27.511363642116017	7200.0	1
120	1000	75	3	5280.0	55.02272728423203	27.511363642116017	9000.0	1
121	100	76	75	5280.0	55.02272728423203	27.511363642116017	7200.0	1
122	100	77	76	2270.0	55.02272732513218	27.51136366256609	7200.0	1
123	100	77	141	1320.0	45.000000045	22.5000000225	7200.0	1
124	100	78	77	1320.0	55.02272728423203	27.511363642116017	7200.0	1
125	100	79	78	1320.0	55.02272728423203	27.511363642116017	7200.0	1
126	100	79	256	1320.0	30.0	15.0	1800.0	1
127	100	80	79	6811.0	55.022727255843186	27.511363627921593	7200.0	1
128	100	81	80	1320.0	55.02272728423203	27.511363642116017	7200.0	1
129	100	81	259	1320.0	30.0	15.0	1800.0	1
130	100	82	81	8501.0	55.022727281905276	27.511363640952638	7200.0	1
131	100	83	82	1320.0	55.02272728423203	27.511363642116017	7200.0	1
132	100	83	261	1320.0	30.0	15.0	1800.0	1
133	100	84	83	1109.0	55.022727218349544	27.511363609174772	7200.0	1
134	100	85	84	1690.0	55.02272722929513	27.511363614647564	7200.0	1
135	100	86	85	2640.0	55.02272728423203	27.511363642116017	7200.0	1
136	100	86	189	1320.0	45.000000045	22.5000000225	7200.0	1
137	100	87	86	5280.0	55.02272728423203	27.511363642116017	7200.0	1
138	1000	88	1	5280.0	55.02272728423203	27.511363642116017	9000.0	1
139	100	89	88	5280.0	55.02272728423203	27.511363642116017	7200.0	1
140	100	90	89	1320.0	55.02272728423203	27.511363642116017	7200.0	1
141	100	90	293	1320.0	30.0	15.0	1800.0	1
142	100	91	90	1109.0	55.022727218349544	27.511363609174772	7200.0	1
143	100	92	91	1531.0	55.02272733195488	27.51136366597744	7200.0	1
144	100	93	92	1690.0	55.02272722929513	27.511363614647564	7200.0	1
145	100	93	183	1320.0	45.000000045	22.5000000225	7200.0	1
146	100	93	195	1320.0	45.000000045	22.5000000225	7200.0	1
147	100	94	93	3379.0000000000005	55.02272729008573	27.511363645042866	7200.0	1
148	100	95	94	1320.0	55.02272728423203	27.511363642116017	7200.0	1
149	100	95	290	1320.0	30.0	15.0	1800.0	1
150	100	96	95	6019.0	55.02272728751823	27.511363643759115	7200.0	1
151	100	97	96	1320.0	55.02272728423203	27.511363642116017	7200.0	1
152	100	97	288	1320.0	30.0	15.0	1800.0	1
153	100	98	97	3010.0	55.02272725338706	27.51136362669353	7200.0	1
154	100	99	98	1320.0	55.02272728423203	27.511363642116017	7200.0	1
155	100	99	283	1320.0	30.0	15.0	1800.0	1
156	100	100	99	1901.0	55.02272727382715	27.511363636913575	7200.0	1
157	100	101	100	1320.0	55.02272728423203	27.511363642116017	7200.0	1
158	100	101	278	1320.0	30.0	15.0	1800.0	1
159	100	102	101	3749.0	55.02272726474318	27.51136363237159	7200.0	1
160	100	103	59	1320.0	45.000000045	22.5000000225	9000.0	1
161	100	103	61	1320.0	45.000000045	22.5000000225	9000.0	1
162	100	103	237	1320.0	45.000000045	22.5000000225	9000.0	1
163	100	104	103	3749.0	55.02272726474318	27.51136363237159	7200.0	1
164	100	105	104	1320.0	55.02272728423203	27.511363642116017	7200.0	1
165	100	105	279	1320.0	30.0	15.0	1800.0	1
166	100	106	105	1901.0	55.02272727382715	27.511363636913575	7200.0	1
167	100	107	106	1320.0	55.02272728423203	27.511363642116017	7200.0	1
168	100	107	284	1320.0	30.0	15.0	1800.0	1
169	100	108	107	3010.0	55.02272725338706	27.51136362669353	7200.0	1
170	100	109	108	1320.0	55.02272728423203	27.511363642116017	7200.0	1
171	100	109	289	1320.0	30.0	15.0	1800.0	1
172	100	110	109	6019.0	55.02272728751823	27.511363643759115	7200.0	1
173	100	111	110	1320.0	55.02272728423203	27.511363642116017	7200.0	1
174	100	111	291	1320.0	30.0	15.0	1800.0	1
175	100	112	111	3379.0000000000005	55.02272729008573	27.511363645042866	7200.0	1
176	100	113	112	1690.0	55.02272722929513	27.511363614647564	7200.0	1
177	100	113	183	1320.0	45.000000045	22.5000000225	7200.0	1
178	100	113	195	1320.0	45.000000045	22.5000000225	7200.0	1
179	100	114	113	1531.0	55.02272733195488	27.51136366597744	7200.0	1
180	100	115	114	1109.0	55.022727218349544	27.511363609174772	7200.0	1
181	100	116	115	1320.0	55.02272728423203	27.511363642116017	7200.0	1
182	100	116	294	1320.0	30.0	15.0	1800.0	1
183	100	117	116	5280.0	55.02272728423203	27.511363642116017	7200.0	1
184	1000	118	5	5280.0	55.02272728423203	27.511363642116017	9000.0	1
185	100	119	118	5280.0	55.02272728423203	27.511363642116017	7200.0	1
186	100	120	119	1320.0	55.02272728423203	27.511363642116017	7200.0	1
187	100	120	400	1320.0	30.0	15.0	1800.0	1
188	100	121	120	2640.0	55.02272728423203	27.511363642116017	7200.0	1
189	100	122	121	3010.0	55.02272725338706	27.51136362669353	7200.0	1
190	100	123	122	1320.0	55.02272728423203	27.511363642116017	7200.0	1
191	100	123	382	1320.0	30.0	15.0	1800.0	1
192	100	124	123	4171.0	55.022727301749086	27.511363650874543	7200.0	1
193	100	125	124	1320.0	55.02272728423203	27.511363642116017	7200.0	1
194	100	125	366	1320.0	30.0	15.0	1800.0	1
195	100	126	125	4171.0	55.022727301749086	27.511363650874543	7200.0	1
196	100	127	126	1320.0	55.02272728423203	27.511363642116017	7200.0	1
197	100	127	350	1320.0	30.0	15.0	1800.0	1
198	100	128	127	3010.0	55.02272725338706	27.51136362669353	7200.0	1
199	100	129	128	1531.0	55.02272733195488	27.51136366597744	7200.0	1
200	100	130	129	1320.0	55.02272728423203	27.511363642116017	7200.0	1
201	100	130	324	1320.0	30.0	15.0	1800.0	1
202	100	131	130	4171.0	55.022727301749086	27.511363650874543	7200.0	1
203	100	132	131	1531.0	55.02272733195488	27.51136366597744	7200.0	1
204	100	132	314	1320.0	30.0	15.0	1800.0	1
205	100	133	132	2270.0	55.02272732513218	27.51136366256609	7200.0	1
206	100	134	133	1690.0	55.02272722929513	27.511363614647564	7200.0	1
207	100	135	134	1320.0	55.02272728423203	27.511363642116017	7200.0	1
208	100	135	298	1320.0	30.0	15.0	1800.0	1
209	100	136	135	739.0	55.02272731099748	27.51136365549874	7200.0	1
210	100	137	136	3062.0	55.022727244946374	27.511363622473187	7200.0	1
211	100	138	60	1320.0	45.000000045	22.5000000225	9000.0	1
212	100	138	137	634.0	55.02272730587977	27.511363652939885	7200.0	1
213	100	138	236	1320.0	45.000000045	22.5000000225	9000.0	1
214	100	139	138	5280.0	55.02272728423203	27.511363642116017	7200.0	1
215	100	140	139	1320.0	55.02272728423203	27.511363642116017	7200.0	1
216	100	140	265	1320.0	30.0	15.0	1800.0	1
217	100	141	140	4541.0	55.022727279876236	27.511363639938118	7200.0	1
218	100	142	72	1320.0	45.000000045	22.5000000225	7200.0	1
219	100	142	76	1320.0	45.000000045	22.5000000225	7200.0	1
220	100	143	142	4541.0	55.022727279876236	27.511363639938118	7200.0	1
221	100	144	143	1320.0	55.02272728423203	27.511363642116017	7200.0	1
222	100	144	264	1320.0	30.0	15.0	1800.0	1
223	100	145	144	4330.0	55.02272726279015	27.511363631395074	7200.0	1
224	100	146	145	581.0	55.02272725018784	27.51136362509392	7200.0	1
225	100	147	57	1320.0	45.000000045	22.5000000225	9000.0	1
226	100	147	146	3695.9999999999995	55.02272725539868	27.51136362769934	7200.0	1
227	100	148	147	1109.0	55.022727218349544	27.511363609174772	7200.0	1
228	100	149	148	1320.0	55.02272728423203	27.511363642116017	7200.0	1
229	100	149	297	1320.0	30.0	15.0	1800.0	1
230	100	150	149	1690.0	55.02272722929513	27.511363614647564	7200.0	1
231	100	151	150	1109.0	55.022727218349544	27.511363609174772	7200.0	1
232	100	152	151	3010.0	55.02272725338706	27.51136362669353	7200.0	1
233	100	152	310	1320.0	30.0	15.0	1800.0	1
234	100	153	152	3379.0000000000005	55.02272729008573	27.511363645042866	7200.0	1
235	100	154	153	1320.0	55.02272728423203	27.511363642116017	7200.0	1
236	100	154	323	1320.0	30.0	15.0	1800.0	1
237	100	155	154	1531.0	55.02272733195488	27.51136366597744	7200.0	1
238	100	156	155	3010.0	55.02272725338706	27.51136362669353	7200.0	1
239	100	157	156	1320.0	55.02272728423203	27.511363642116017	7200.0	1
240	100	157	349	1320.0	30.0	15.0	1800.0	1
241	100	158	157	4171.0	55.022727301749086	27.511363650874543	7200.0	1
242	100	159	158	1320.0	55.02272728423203	27.511363642116017	7200.0	1
243	100	159	365	1320.0	30.0	15.0	1800.0	1
244	100	160	159	4171.0	55.022727301749086	27.511363650874543	7200.0	1
245	100	161	160	1320.0	55.02272728423203	27.511363642116017	7200.0	1
246	100	161	381	1320.0	30.0	15.0	1800.0	1
247	100	162	161	3010.0	55.02272725338706	27.51136362669353	7200.0	1
248	100	163	162	2640.0	55.02272728423203	27.511363642116017	7200.0	1
249	100	164	163	1320.0	55.02272728423203	27.511363642116017	7200.0	1
250	100	164	399	1320.0	30.0	15.0	1800.0	1
251	100	165	164	5280.0	55.02272728423203	27.511363642116017	7200.0	1
252	1000	166	6	5280.0	55.02272728423203	27.511363642116017	9000.0	1
253	100	167	166	5280.0	55.02272728423203	27.511363642116017	7200.0	1
254	100	168	167	1320.0	55.02272728423203	27.511363642116017	7200.0	1
255	100	168	409	1320.0	30.0	15.0	1800.0	1
256	100	169	168	3749.0	55.02272726474318	27.51136363237159	7200.0	1
257	100	170	169	1690.0	55.02272722929513	27.511363614647564	7200.0	1
258	100	171	170	317.0	55.02272688565888	27.51136344282944	7200.0	1
259	100	171	216	1320.0	45.000000045	22.5000000225	7200.0	1
260	100	172	171	1372.9999999999998	55.0227273086343	27.51136365431715	7200.0	1
261	100	172	393	1320.0	30.0	15.0	1800.0	1
262	100	173	172	2429.0	55.02272725415228	27.51136362707614	7200.0	1
263	100	174	173	1109.0	55.022727218349544	27.511363609174772	7200.0	1
264	100	175	174	1320.0	55.02272728423203	27.511363642116017	7200.0	1
265	100	175	377	1320.0	30.0	15.0	1800.0	1
266	100	176	175	3960.0	55.022727284232026	27.511363642116013	7200.0	1
267	100	177	176	1320.0	55.02272728423203	27.511363642116017	7200.0	1
268	100	177	360	1320.0	30.0	15.0	1800.0	1
269	100	178	177	3960.0	55.022727284232026	27.511363642116013	7200.0	1
270	100	179	178	1320.0	55.02272728423203	27.511363642116017	7200.0	1
271	100	179	336	1320.0	30.0	15.0	1800.0	1
272	100	180	179	9240.0	55.022727284232026	27.511363642116013	7200.0	1
273	100	181	180	1320.0	55.02272728423203	27.511363642116017	7200.0	1
274	100	181	307	1320.0	30.0	15.0	1800.0	1
275	100	182	181	739.0	55.02272731099748	27.51136365549874	7200.0	1
276	100	183	182	1901.0	55.02272727382715	27.511363636913575	7200.0	1
277	100	184	92	1320.0	45.000000045	22.5000000225	7200.0	1
278	100	184	112	1320.0	45.000000045	22.5000000225	7200.0	1
279	100	184	183	1901.0	55.02272727382715	27.511363636913575	7200.0	1
280	100	185	184	3590.0	55.022727235881966	27.511363617940983	7200.0	1
281	100	186	185	1901.0	55.02272727382715	27.511363636913575	7200.0	1
282	100	187	186	1320.0	55.02272728423203	27.511363642116017	7200.0	1
283	100	187	272	1320.0	30.0	15.0	1800.0	1
284	100	188	187	4330.0	55.02272726279015	27.511363631395074	7200.0	1
285	100	189	188	3749.0	55.02272726474318	27.51136363237159	7200.0	1
286	100	190	63	1320.0	45.000000045	22.5000000225	7200.0	1
287	100	190	85	1320.0	45.000000045	22.5000000225	7200.0	1
288	100	191	190	3749.0	55.02272726474318	27.51136363237159	7200.0	1
289	100	192	191	4330.0	55.02272726279015	27.511363631395074	7200.0	1
290	100	193	192	1320.0	55.02272728423203	27.511363642116017	7200.0	1
291	100	193	271	1320.0	30.0	15.0	1800.0	1
292	100	194	193	1901.0	55.02272727382715	27.511363636913575	7200.0	1
293	100	195	194	3590.0	55.022727235881966	27.511363617940983	7200.0	1
294	100	196	92	1320.0	45.000000045	22.5000000225	7200.0	1
295	100	196	112	1320.0	45.000000045	22.5000000225	7200.0	1
296	100	196	195	1901.0	55.02272727382715	27.511363636913575	7200.0	1
297	100	197	196	1901.0	55.02272727382715	27.511363636913575	7200.0	1
298	100	198	197	739.0	55.02272731099748	27.51136365549874	7200.0	1
299	100	199	198	1320.0	55.02272728423203	27.511363642116017	7200.0	1
300	100	199	306	1320.0	30.0	15.0	1800.0	1
301	100	200	199	9240.0	55.022727284232026	27.511363642116013	7200.0	1
302	100	201	200	1320.0	55.02272728423203	27.511363642116017	7200.0	1
303	100	201	335	1320.0	30.0	15.0	1800.0	1
304	100	202	201	3960.0	55.022727284232026	27.511363642116013	7200.0	1
305	100	203	202	1320.0	55.02272728423203	27.511363642116017	7200.0	1
306	100	203	359	1320.0	30.0	15.0	1800.0	1
307	100	204	203	3960.0	55.022727284232026	27.511363642116013	7200.0	1
308	100	205	204	1320.0	55.02272728423203	27.511363642116017	7200.0	1
309	100	205	376	1320.0	30.0	15.0	1800.0	1
310	100	206	205	1109.0	55.022727218349544	27.511363609174772	7200.0	1
311	100	207	206	2429.0	55.02272725415228	27.51136362707614	7200.0	1
312	100	208	207	1372.9999999999998	55.0227273086343	27.51136365431715	7200.0	1
313	100	209	208	317.0	55.02272688565888	27.51136344282944	7200.0	1
314	100	209	392	1320.0	30.0	15.0	1800.0	1
315	100	210	209	1690.0	55.02272722929513	27.511363614647564	7200.0	1
316	100	210	250	1320.0	45.000000045	22.5000000225	7200.0	1
317	100	211	210	3749.0	55.02272726474318	27.51136363237159	7200.0	1
318	100	212	211	1320.0	55.02272728423203	27.511363642116017	7200.0	1
319	100	212	408	1320.0	30.0	15.0	1800.0	1
320	100	213	212	5280.0	55.02272728423203	27.511363642116017	7200.0	1
321	1000	214	7	5280.0	55.02272728423203	27.511363642116017	9000.0	1
322	100	215	214	5280.0	55.02272728423203	27.511363642116017	9000.0	1
323	100	216	215	1901.0	55.02272727382715	27.511363636913575	9000.0	1
324	100	217	169	1320.0	45.000000045	22.5000000225	7200.0	1
325	100	217	216	2851.0	55.022727309859405	27.511363654929703	9000.0	1
326	100	218	217	1372.9999999999998	55.0227273086343	27.51136365431715	9000.0	1
327	100	218	392	1320.0	30.0	15.0	1800.0	1
328	100	219	218	3749.0	55.02272726474318	27.51136363237159	9000.0	1
329	100	220	219	2429.0	55.02272725415228	27.51136362707614	9000.0	1
330	100	220	363	1320.0	30.0	15.0	1800.0	1
331	100	221	220	5650.0	55.02272726779957	27.511363633899784	9000.0	1
332	100	222	221	1531.0	55.02272733195488	27.51136366597744	9000.0	1
333	100	223	222	2059.0	55.022727293838464	27.511363646919232	9000.0	1
334	100	223	346	1320.0	30.0	15.0	1800.0	1
335	100	224	223	4699.0	55.02272728844136	27.51136364422068	9000.0	1
336	100	225	224	3010.0	55.02272725338706	27.51136362669353	9000.0	1
337	100	225	330	1320.0	30.0	15.0	1800.0	1
338	100	226	225	4541.0	55.022727279876236	27.511363639938118	9000.0	1
339	100	227	226	1901.0	55.02272727382715	27.511363636913575	9000.0	1
340	100	227	311	1320.0	30.0	15.0	1800.0	1
341	100	228	227	5280.0	55.02272728423203	27.511363642116017	9000.0	1
342	100	229	228	2270.0	55.02272732513218	27.51136366256609	9000.0	1
343	100	229	277	1320.0	30.0	15.0	1800.0	1
344	100	230	229	581.0	55.02272725018784	27.51136362509392	9000.0	1
345	100	231	56	1320.0	45.000000045	22.5000000225	9000.0	1
346	100	231	230	1426.0	55.02272733122268	27.51136366561134	9000.0	1
347	100	232	58	1320.0	45.000000045	22.5000000225	9000.0	1
348	100	232	231	1531.0	55.02272733195488	27.51136366597744	9000.0	1
349	100	233	232	5280.0	55.02272728423203	27.511363642116017	9000.0	1
350	1000	234	4	5280.0	55.02272728423203	27.511363642116017	9000.0	1
351	100	235	234	5280.0	55.02272728423203	27.511363642116017	9000.0	1
352	100	236	235	581.0	55.02272725018784	27.51136362509392	9000.0	1
353	100	237	236	1214.0	55.02272722903542	27.51136361451771	9000.0	1
354	100	238	55	1320.0	45.000000045	22.5000000225	9000.0	1
355	100	238	61	1320.0	45.000000045	22.5000000225	9000.0	1
356	100	238	237	1109.0	55.022727218349544	27.511363609174772	9000.0	1
357	100	239	238	1109.0	55.022727218349544	27.511363609174772	9000.0	1
358	100	240	239	2270.0	55.02272732513218	27.51136366256609	9000.0	1
359	100	240	299	1320.0	30.0	15.0	1800.0	1
360	100	241	240	4541.0	55.022727279876236	27.511363639938118	9000.0	1
361	100	242	241	3010.0	55.02272725338706	27.51136362669353	9000.0	1
362	100	242	317	1320.0	30.0	15.0	1800.0	1
363	100	243	242	4541.0	55.022727279876236	27.511363639938118	9000.0	1
364	100	244	243	1901.0	55.02272727382715	27.511363636913575	9000.0	1
365	100	244	339	1320.0	30.0	15.0	1800.0	1
366	100	245	244	5069.0	55.0227272698182	27.5113636349091	9000.0	1
367	100	246	245	3010.0	55.02272725338706	27.51136362669353	9000.0	1
368	100	246	347	1320.0	30.0	15.0	1800.0	1
369	100	247	246	5650.0	55.02272726779957	27.511363633899784	9000.0	1
370	100	248	247	1901.0	55.02272727382715	27.511363636913575	9000.0	1
371	100	248	374	1320.0	30.0	15.0	1800.0	1
372	100	249	248	4330.0	55.02272726279015	27.511363631395074	9000.0	1
373	100	250	249	1741.9999999999998	55.022727215177675	27.511363607588837	9000.0	1
374	100	251	250	264.0	55.022727687898765	27.511363843949383	9000.0	1
375	100	251	391	1320.0	30.0	15.0	1800.0	1
376	100	252	208	1320.0	45.000000045	22.5000000225	7200.0	1
377	100	252	251	2534.0	55.02272725778818	27.51136362889409	9000.0	1
378	100	253	252	5280.0	55.02272728423203	27.511363642116017	9000.0	1
379	1000	254	15	2640.0	30.0	15.0	5400.0	1
380	100	254	255	5280.0	30.0	15.0	5400.0	1
381	100	255	70	1320.0	30.0	15.0	1800.0	1
382	100	255	254	5280.0	30.0	15.0	5400.0	1
383	100	255	256	1320.0	30.0	15.0	5400.0	1
384	100	256	78	1320.0	30.0	15.0	1800.0	1
385	100	256	255	1320.0	30.0	15.0	5400.0	1
386	100	256	266	5069.0	29.999999993371475	14.999999996685737	5400.0	1
387	1000	257	14	2640.0	30.0	15.0	5400.0	1
388	100	257	258	5280.0	30.0	15.0	5400.0	1
389	100	258	68	1320.0	30.0	15.0	1800.0	1
390	100	258	257	5280.0	30.0	15.0	5400.0	1
391	100	258	259	1320.0	30.0	15.0	5400.0	1
392	100	259	80	1320.0	30.0	15.0	1800.0	1
393	100	259	258	1320.0	30.0	15.0	5400.0	1
394	100	259	267	5069.0	29.999999993371475	14.999999996685737	5400.0	1
395	100	260	66	1320.0	30.0	15.0	1800.0	1
396	100	260	261	1320.0	30.0	15.0	5400.0	1
397	100	261	82	1320.0	30.0	15.0	1800.0	1
398	100	261	260	1320.0	30.0	15.0	5400.0	1
399	100	261	269	4910.0	29.999999997556007	14.999999998778003	5400.0	1
400	1000	262	13	2640.0	30.0	15.0	5400.0	1
401	100	262	273	5280.0	30.0	15.0	5400.0	1
402	1000	263	16	2640.0	30.0	15.0	5400.0	1
403	100	263	264	5280.0	30.0	15.0	5400.0	1
404	100	264	143	1320.0	30.0	15.0	1800.0	1
405	100	264	263	5280.0	30.0	15.0	5400.0	1
406	100	264	265	1320.0	30.0	15.0	5400.0	1
407	100	265	139	1320.0	30.0	15.0	1800.0	1
408	100	265	264	1320.0	30.0	15.0	5400.0	1
409	100	265	266	2640.0	30.0	15.0	5400.0	1
410	1000	266	24	1320.0	100.62499998742187	50.31249999371094	12600.0	1
411	100	266	39	3854.0000000000005	29.999999996886356	14.999999998443178	5400.0	1
412	100	266	256	5069.0	29.999999993371475	14.999999996685737	5400.0	1
413	100	266	265	2640.0	30.0	15.0	5400.0	1
414	100	266	277	9451.0	30.00000000355518	15.00000000177759	5400.0	1
415	1000	267	24	1320.0	100.62499998742187	50.31249999371094	12600.0	1
416	100	267	39	3854.0000000000005	29.999999996886356	14.999999998443178	5400.0	1
417	100	267	259	5069.0	29.999999993371475	14.999999996685737	5400.0	1
418	100	267	268	2640.0	30.0	15.0	5400.0	1
419	100	267	281	4330.0	30.000000002771365	15.000000001385683	5400.0	1
420	1000	268	25	1320.0	100.62499998742187	50.31249999371094	12600.0	1
421	100	268	40	3485.0	29.999999990358678	14.999999995179339	5400.0	1
422	100	268	267	2640.0	30.0	15.0	5400.0	1
423	100	268	287	4541.0	29.99999999260075	14.999999996300375	5400.0	1
424	1000	269	25	1320.0	100.62499998742187	50.31249999371094	12600.0	1
425	100	269	40	3485.0	29.999999990358678	14.999999995179339	5400.0	1
426	100	269	261	4910.0	29.999999997556007	14.999999998778003	5400.0	1
427	100	269	270	2640.0	30.0	15.0	5400.0	1
428	100	269	290	6600.0	30.0	15.0	5400.0	1
429	100	270	269	2640.0	30.0	15.0	5400.0	1
430	100	270	271	1531.0	30.00000002194644	15.00000001097322	5400.0	1
431	100	271	192	1320.0	30.0	15.0	1800.0	1
432	100	271	270	1531.0	30.00000002194644	15.00000001097322	5400.0	1
433	100	271	272	1320.0	30.0	15.0	5400.0	1
434	100	272	186	1320.0	30.0	15.0	1800.0	1
435	100	272	271	1320.0	30.0	15.0	5400.0	1
436	100	272	273	6019.0	30.000000005582322	15.000000002791161	5400.0	1
437	1000	273	26	1320.0	100.62499998742187	50.31249999371094	12600.0	1
438	100	273	41	2640.0	30.0	15.0	5400.0	1
439	100	273	262	5280.0	30.0	15.0	5400.0	1
440	100	273	272	739.0	30.000000045466845	15.000000022733422	5400.0	1
441	100	273	292	5280.0	30.0	15.0	5400.0	1
442	1000	274	26	1320.0	100.62499998742187	50.31249999371094	12600.0	1
443	100	274	41	2640.0	30.0	15.0	5400.0	1
444	100	274	275	5280.0	30.0	15.0	5400.0	1
445	100	274	293	3749.0	29.999999991037612	14.999999995518806	5400.0	1
446	1000	275	12	2640.0	30.0	15.0	5400.0	1
447	100	275	274	5280.0	30.0	15.0	5400.0	1
448	1000	276	17	2640.0	30.0	15.0	5400.0	1
449	100	276	296	5280.0	30.0	15.0	5400.0	1
450	100	277	228	1320.0	30.0	15.0	1800.0	1
451	100	277	266	9451.0	30.00000000355518	15.00000000177759	5400.0	1
452	100	277	299	1901.0	29.99999998232509	14.999999991162545	5400.0	1
453	100	278	100	1320.0	30.0	15.0	1800.0	1
454	100	278	279	1320.0	30.0	15.0	5400.0	1
455	100	279	104	1320.0	30.0	15.0	1800.0	1
456	100	279	278	1320.0	30.0	15.0	5400.0	1
457	100	279	280	1109.0	29.999999969702433	14.999999984851216	5400.0	1
458	100	280	279	1109.0	29.999999969702433	14.999999984851216	5400.0	1
459	100	280	300	1109.0	29.999999969702433	14.999999984851216	5400.0	1
460	100	281	267	4330.0	30.000000002771365	15.000000001385683	5400.0	1
461	100	281	282	1531.0	30.00000002194644	15.00000001097322	5400.0	1
462	100	282	281	1531.0	30.00000002194644	15.00000001097322	5400.0	1
463	100	282	283	950.0	29.999999987368422	14.999999993684211	5400.0	1
464	100	283	98	1320.0	30.0	15.0	1800.0	1
465	100	283	282	950.0	29.999999987368422	14.999999993684211	5400.0	1
466	100	283	284	1320.0	30.0	15.0	5400.0	1
467	100	284	106	1320.0	30.0	15.0	1800.0	1
468	100	284	283	1320.0	30.0	15.0	5400.0	1
469	100	284	285	739.0	30.000000045466845	15.000000022733422	5400.0	1
470	100	285	284	739.0	30.000000045466845	15.000000022733422	5400.0	1
471	100	285	286	1531.0	30.00000002194644	15.00000001097322	5400.0	1
472	100	286	285	1531.0	30.00000002194644	15.00000001097322	5400.0	1
473	100	286	302	1109.0	29.999999969702433	14.999999984851216	5400.0	1
474	100	287	268	4541.0	29.99999999260075	14.999999996300375	5400.0	1
475	100	287	288	1901.0	29.99999998232509	14.999999991162545	5400.0	1
476	100	288	96	1320.0	30.0	15.0	1800.0	1
477	100	288	287	1901.0	29.99999998232509	14.999999991162545	5400.0	1
478	100	288	289	1320.0	30.0	15.0	5400.0	1
479	100	289	108	1320.0	30.0	15.0	1800.0	1
480	100	289	288	1320.0	30.0	15.0	5400.0	1
481	100	289	303	3220.9999999999995	29.999999989568458	14.999999994784229	5400.0	1
482	100	290	94	1320.0	30.0	15.0	1800.0	1
483	100	290	269	6600.0	30.0	15.0	5400.0	1
484	100	290	291	1320.0	30.0	15.0	5400.0	1
485	100	291	110	1320.0	30.0	15.0	1800.0	1
486	100	291	290	1320.0	30.0	15.0	5400.0	1
487	100	291	304	3379.0000000000005	30.000000009943772	15.000000004971886	5400.0	1
488	100	292	273	5280.0	30.0	15.0	5400.0	1
489	100	292	305	4910.0	29.999999997556007	14.999999998778003	5400.0	1
490	100	293	89	1320.0	30.0	15.0	1800.0	1
491	100	293	274	3749.0	29.999999991037612	14.999999995518806	5400.0	1
492	100	293	294	1320.0	30.0	15.0	5400.0	1
493	100	294	115	1320.0	30.0	15.0	1800.0	1
494	100	294	293	1320.0	30.0	15.0	5400.0	1
495	100	294	295	739.0	30.000000045466845	15.000000022733422	5400.0	1
496	100	295	294	739.0	30.000000045466845	15.000000022733422	5400.0	1
497	100	295	308	1901.0	29.99999998232509	14.999999991162545	5400.0	1
498	100	296	276	5280.0	30.0	15.0	5400.0	1
499	100	296	297	1109.0	29.999999969702433	14.999999984851216	5400.0	1
500	100	296	310	4171.0	30.000000008055622	15.000000004027811	5400.0	1
501	100	297	148	1320.0	30.0	15.0	1800.0	1
502	100	297	296	1109.0	29.999999969702433	14.999999984851216	5400.0	1
503	100	297	298	1320.0	30.0	15.0	5400.0	1
504	100	298	134	1320.0	30.0	15.0	1800.0	1
505	100	298	297	1320.0	30.0	15.0	5400.0	1
506	100	298	299	3010.0	30.000000003986713	15.000000001993357	5400.0	1
507	100	299	239	1320.0	30.0	15.0	1800.0	1
508	100	299	277	1901.0	29.99999998232509	14.999999991162545	5400.0	1
509	100	299	298	3010.0	30.000000003986713	15.000000001993357	5400.0	1
510	100	299	300	2640.0	30.0	15.0	5400.0	1
511	100	299	315	5069.0	29.999999993371475	14.999999996685737	5400.0	1
512	100	300	280	1109.0	29.999999969702433	14.999999984851216	5400.0	1
513	100	300	299	2640.0	30.0	15.0	5400.0	1
514	100	300	301	1320.0	30.0	15.0	5400.0	1
515	100	300	316	5069.0	29.999999993371475	14.999999996685737	5400.0	1
516	100	301	300	1320.0	30.0	15.0	5400.0	1
517	100	301	302	1320.0	30.0	15.0	5400.0	1
518	1000	302	27	1320.0	100.62499998742187	50.31249999371094	12600.0	1
519	100	302	42	2640.0	30.0	15.0	5400.0	1
520	100	302	286	1109.0	29.999999969702433	14.999999984851216	5400.0	1
521	100	302	301	1320.0	30.0	15.0	5400.0	1
522	100	302	311	3010.0	30.000000003986713	15.000000001993357	5400.0	1
523	1000	303	27	1320.0	100.62499998742187	50.31249999371094	12600.0	1
524	1000	303	28	1320.0	100.62499998742187	50.31249999371094	12600.0	1
525	100	303	42	2640.0	30.0	15.0	5400.0	1
526	100	303	43	4065.9999999999995	30.0000000029513	15.00000000147565	5400.0	1
527	100	303	289	3220.9999999999995	29.999999989568458	14.999999994784229	5400.0	1
528	100	303	319	5650.0	30.000000002123898	15.000000001061949	5400.0	1
529	1000	304	28	1320.0	100.62499998742187	50.31249999371094	12600.0	1
530	100	304	43	4065.9999999999995	30.0000000029513	15.00000000147565	5400.0	1
531	100	304	291	3379.0000000000005	30.000000009943772	15.000000004971886	5400.0	1
532	100	304	305	2429.0	29.999999986167147	14.999999993083573	5400.0	1
533	100	304	312	739.0	30.000000045466845	15.000000022733422	5400.0	1
534	100	305	292	4910.0	29.999999997556007	14.999999998778003	5400.0	1
535	100	305	304	2429.0	29.999999986167147	14.999999993083573	5400.0	1
536	100	305	306	1901.0	29.99999998232509	14.999999991162545	5400.0	1
537	100	305	321	8659.0	30.000000003880356	15.000000001940178	5400.0	1
538	100	306	198	1320.0	30.0	15.0	1800.0	1
539	100	306	305	1901.0	29.99999998232509	14.999999991162545	5400.0	1
540	100	306	307	1320.0	30.0	15.0	5400.0	1
541	100	307	180	1320.0	30.0	15.0	1800.0	1
542	100	307	306	1320.0	30.0	15.0	5400.0	1
543	100	307	308	1320.0	30.0	15.0	5400.0	1
544	1000	308	29	1320.0	100.62499998742187	50.31249999371094	12600.0	1
545	100	308	44	2640.0	30.0	15.0	5400.0	1
546	100	308	295	1901.0	29.99999998232509	14.999999991162545	5400.0	1
547	100	308	307	1320.0	30.0	15.0	5400.0	1
548	100	308	309	5280.0	30.0	15.0	5400.0	1
549	1000	309	11	2640.0	30.0	15.0	5400.0	1
550	100	309	308	5280.0	30.0	15.0	5400.0	1
551	100	310	151	1320.0	30.0	15.0	1800.0	1
552	100	310	296	4171.0	30.000000008055622	15.000000004027811	5400.0	1
553	100	310	313	739.0	30.000000045466845	15.000000022733422	5400.0	1
554	100	311	226	1320.0	30.0	15.0	1800.0	1
555	100	311	302	3010.0	30.000000003986713	15.000000001993357	5400.0	1
556	100	311	317	1901.0	29.99999998232509	14.999999991162545	5400.0	1
557	100	312	304	739.0	30.000000045466845	15.000000022733422	5400.0	1
558	100	312	320	7181.0	29.999999995320987	14.999999997660494	5400.0	1
559	100	313	310	739.0	30.000000045466845	15.000000022733422	5400.0	1
560	100	313	314	2059.0	30.000000016318598	15.000000008159299	5400.0	1
561	100	313	325	4541.0	29.99999999260075	14.999999996300375	5400.0	1
562	100	314	131	1320.0	30.0	15.0	1800.0	1
563	100	314	313	739.0	30.000000045466845	15.000000022733422	5400.0	1
564	100	314	315	4330.0	30.000000002771365	15.000000001385683	5400.0	1
565	100	315	299	5069.0	29.999999993371475	14.999999996685737	5400.0	1
566	100	315	314	4541.0	29.99999999260075	14.999999996300375	5400.0	1
567	100	315	316	6811.0	30.000000004933195	15.000000002466598	5400.0	1
568	100	315	327	2851.0	30.000000011785335	15.000000005892668	5400.0	1
569	100	316	300	5069.0	29.999999993371475	14.999999996685737	5400.0	1
570	100	316	315	2640.0	30.0	15.0	5400.0	1
571	100	316	317	2270.0	29.999999994713654	14.999999997356827	5400.0	1
572	100	316	328	2851.0	30.000000011785335	15.000000005892668	5400.0	1
573	100	317	241	1320.0	30.0	15.0	1800.0	1
574	100	317	311	1901.0	29.99999998232509	14.999999991162545	5400.0	1
575	100	317	316	2640.0	30.0	15.0	5400.0	1
576	100	317	318	3010.0	30.000000003986713	15.000000001993357	5400.0	1
577	100	317	329	2851.0	30.000000011785335	15.000000005892668	5400.0	1
578	100	318	317	3010.0	30.000000003986713	15.000000001993357	5400.0	1
579	100	318	319	2640.0	30.0	15.0	5400.0	1
580	100	319	303	5650.0	30.000000002123898	15.000000001061949	5400.0	1
581	100	319	318	2270.0	29.999999994713654	14.999999997356827	5400.0	1
582	100	319	320	2640.0	30.0	15.0	5400.0	1
583	100	319	330	2270.0	29.999999994713654	14.999999997356827	5400.0	1
584	100	320	312	7181.0	29.999999995320987	14.999999997660494	5400.0	1
585	100	320	319	6811.0	30.000000004933195	15.000000002466598	5400.0	1
586	100	320	321	4541.0	29.99999999260075	14.999999996300375	5400.0	1
587	100	320	332	1901.0	29.99999998232509	14.999999991162545	5400.0	1
588	100	321	305	8659.0	30.000000003880356	15.000000001940178	5400.0	1
589	100	321	320	4330.0	30.000000002771365	15.000000001385683	5400.0	1
590	100	321	333	1901.0	29.99999998232509	14.999999991162545	5400.0	1
591	100	321	334	739.0	30.000000045466845	15.000000022733422	5400.0	1
592	1000	322	18	2640.0	30.0	15.0	5400.0	1
593	100	322	323	5280.0	30.0	15.0	5400.0	1
594	100	323	153	1320.0	30.0	15.0	1800.0	1
595	100	323	322	5280.0	30.0	15.0	5400.0	1
596	100	323	324	1320.0	30.0	15.0	5400.0	1
597	100	324	129	1320.0	30.0	15.0	1800.0	1
598	100	324	323	1320.0	30.0	15.0	5400.0	1
599	100	324	325	1531.0	30.00000002194644	15.00000001097322	5400.0	1
600	100	325	313	4541.0	29.99999999260075	14.999999996300375	5400.0	1
601	100	325	324	1531.0	30.00000002194644	15.00000001097322	5400.0	1
602	100	325	326	2270.0	29.999999994713654	14.999999997356827	5400.0	1
603	100	325	340	950.0	29.999999987368422	14.999999993684211	5400.0	1
604	100	326	325	2270.0	29.999999994713654	14.999999997356827	5400.0	1
605	100	326	327	4171.0	30.000000008055622	15.000000004027811	5400.0	1
606	100	327	315	2851.0	30.000000011785335	15.000000005892668	5400.0	1
607	100	327	326	4171.0	30.000000008055622	15.000000004027811	5400.0	1
608	100	327	328	2640.0	30.0	15.0	5400.0	1
609	100	327	341	2640.0	30.0	15.0	5400.0	1
610	100	328	316	2851.0	30.000000011785335	15.000000005892668	5400.0	1
611	100	328	327	2640.0	30.0	15.0	5400.0	1
612	100	328	329	2640.0	30.0	15.0	5400.0	1
613	100	328	342	2640.0	30.0	15.0	5400.0	1
614	1000	329	31	1320.0	100.62499998742187	50.31249999371094	12600.0	1
615	100	329	46	2640.0	30.0	15.0	5400.0	1
616	100	329	317	2851.0	30.000000011785335	15.000000005892668	5400.0	1
617	100	329	328	2640.0	30.0	15.0	5400.0	1
618	100	329	343	2640.0	30.0	15.0	5400.0	1
619	1000	330	31	1320.0	100.62499998742187	50.31249999371094	12600.0	1
620	100	330	46	2640.0	30.0	15.0	5400.0	1
621	100	330	224	1320.0	30.0	15.0	1800.0	1
622	100	330	319	2270.0	29.999999994713654	14.999999997356827	5400.0	1
623	100	330	331	1109.0	29.999999969702433	14.999999984851216	5400.0	1
624	100	330	339	1690.0	30.000000007100592	15.000000003550296	5400.0	1
625	100	331	330	1109.0	29.999999969702433	14.999999984851216	5400.0	1
626	100	331	332	5069.0	29.999999993371475	14.999999996685737	5400.0	1
627	1000	332	32	1320.0	100.62499998742187	50.31249999371094	12600.0	1
628	100	332	47	2429.0	29.999999986167147	14.999999993083573	5400.0	1
629	100	332	320	1901.0	29.99999998232509	14.999999991162545	5400.0	1
630	100	332	331	5069.0	29.999999993371475	14.999999996685737	5400.0	1
631	100	332	345	1901.0	29.99999998232509	14.999999991162545	5400.0	1
632	1000	333	32	1320.0	100.62499998742187	50.31249999371094	12600.0	1
633	100	333	47	2482.0	30.000000004834806	15.000000002417403	5400.0	1
634	100	333	321	1901.0	29.99999998232509	14.999999991162545	5400.0	1
635	100	333	334	1109.0	29.999999969702433	14.999999984851216	5400.0	1
636	100	333	358	5491.0	30.000000006119105	15.000000003059553	5400.0	1
637	100	334	321	2059.0	30.000000016318598	15.000000008159299	5400.0	1
638	100	334	333	1109.0	29.999999969702433	14.999999984851216	5400.0	1
639	100	334	335	739.0	30.000000045466845	15.000000022733422	5400.0	1
640	100	335	200	1320.0	30.0	15.0	1800.0	1
641	100	335	334	739.0	30.000000045466845	15.000000022733422	5400.0	1
642	100	335	336	1320.0	30.0	15.0	5400.0	1
643	100	336	178	1320.0	30.0	15.0	1800.0	1
644	100	336	335	1320.0	30.0	15.0	5400.0	1
645	100	336	337	1320.0	30.0	15.0	5400.0	1
646	1000	337	29	1320.0	100.62499998742187	50.31249999371094	12600.0	1
647	1000	337	33	1320.0	100.62499998742187	50.31249999371094	12600.0	1
648	100	337	44	7920.0	30.0	15.0	5400.0	1
649	100	337	48	2640.0	30.0	15.0	5400.0	1
650	100	337	336	1320.0	30.0	15.0	5400.0	1
651	100	337	338	5280.0	30.0	15.0	5400.0	1
652	1000	338	10	2640.0	30.0	15.0	5400.0	1
653	100	338	337	5280.0	30.0	15.0	5400.0	1
654	100	339	243	1320.0	30.0	15.0	1800.0	1
655	100	339	330	1690.0	30.000000007100592	15.000000003550296	5400.0	1
656	100	339	344	1109.0	29.999999969702433	14.999999984851216	5400.0	1
657	1000	340	30	1320.0	100.62499998742187	50.31249999371094	12600.0	1
658	100	340	45	2640.0	30.0	15.0	5400.0	1
659	100	340	325	950.0	29.999999987368422	14.999999993684211	5400.0	1
660	100	340	351	4541.0	29.99999999260075	14.999999996300375	5400.0	1
661	1000	341	30	1320.0	100.62499998742187	50.31249999371094	12600.0	1
662	100	341	45	2640.0	30.0	15.0	5400.0	1
663	100	341	327	2640.0	30.0	15.0	5400.0	1
664	100	341	342	2640.0	30.0	15.0	5400.0	1
665	100	341	353	5280.0	30.0	15.0	5400.0	1
666	100	342	328	2640.0	30.0	15.0	5400.0	1
667	100	342	341	2640.0	30.0	15.0	5400.0	1
668	100	342	343	2640.0	30.0	15.0	5400.0	1
669	100	342	354	5280.0	30.0	15.0	5400.0	1
670	100	343	329	2640.0	30.0	15.0	5400.0	1
671	100	343	342	2640.0	30.0	15.0	5400.0	1
672	100	343	344	5280.0	30.0	15.0	5400.0	1
673	100	343	355	5280.0	30.0	15.0	5400.0	1
674	100	344	339	1109.0	29.999999969702433	14.999999984851216	5400.0	1
675	100	344	343	5280.0	30.0	15.0	5400.0	1
676	100	344	356	5280.0	30.0	15.0	5400.0	1
677	100	345	332	1901.0	29.99999998232509	14.999999991162545	5400.0	1
678	100	345	346	1690.0	30.000000007100592	15.000000003550296	5400.0	1
679	100	346	222	1320.0	30.0	15.0	1800.0	1
680	100	346	345	1690.0	30.000000007100592	15.000000003550296	5400.0	1
681	100	346	347	2851.0	30.000000011785335	15.000000005892668	5400.0	1
682	100	347	245	1320.0	30.0	15.0	1800.0	1
683	100	347	346	2851.0	30.000000011785335	15.000000005892668	5400.0	1
684	100	347	357	739.0	30.000000045466845	15.000000022733422	5400.0	1
685	1000	348	18	2640.0	30.0	15.0	5400.0	1
686	100	348	349	5280.0	30.0	15.0	5400.0	1
687	100	349	156	1320.0	30.0	15.0	1800.0	1
688	100	349	348	5280.0	30.0	15.0	5400.0	1
689	100	349	350	1320.0	30.0	15.0	5400.0	1
690	100	350	126	1320.0	30.0	15.0	1800.0	1
691	100	350	349	1320.0	30.0	15.0	5400.0	1
692	100	350	351	2270.0	29.999999994713654	14.999999997356827	5400.0	1
693	100	351	340	4541.0	29.99999999260075	14.999999996300375	5400.0	1
694	100	351	350	2270.0	29.999999994713654	14.999999997356827	5400.0	1
695	100	351	352	1901.0	29.99999998232509	14.999999991162545	5400.0	1
696	100	351	367	5280.0	30.0	15.0	5400.0	1
697	100	352	351	1901.0	29.99999998232509	14.999999991162545	5400.0	1
698	100	352	353	3749.0	29.999999991037612	14.999999995518806	5400.0	1
699	100	353	341	5280.0	30.0	15.0	5400.0	1
700	100	353	352	3749.0	29.999999991037612	14.999999995518806	5400.0	1
701	100	353	354	2640.0	30.0	15.0	5400.0	1
702	100	353	369	5280.0	30.0	15.0	5400.0	1
703	100	354	342	5280.0	30.0	15.0	5400.0	1
704	100	354	353	2640.0	30.0	15.0	5400.0	1
705	100	354	355	2640.0	30.0	15.0	5400.0	1
706	100	354	370	5280.0	30.0	15.0	5400.0	1
707	100	355	343	5280.0	30.0	15.0	5400.0	1
708	100	355	354	2640.0	30.0	15.0	5400.0	1
709	100	355	356	5280.0	30.0	15.0	5400.0	1
710	100	355	371	5280.0	30.0	15.0	5400.0	1
711	100	356	344	5280.0	30.0	15.0	5400.0	1
712	100	356	355	5280.0	30.0	15.0	5400.0	1
713	100	356	357	5280.0	30.0	15.0	5400.0	1
714	100	356	372	5280.0	30.0	15.0	5400.0	1
715	100	357	347	739.0	30.000000045466845	15.000000022733422	5400.0	1
716	100	357	356	5280.0	30.0	15.0	5400.0	1
717	100	357	358	5280.0	30.0	15.0	5400.0	1
718	100	357	373	5280.0	30.0	15.0	5400.0	1
719	100	358	333	5491.0	30.000000006119105	15.000000003059553	5400.0	1
720	100	358	357	5280.0	30.0	15.0	5400.0	1
721	100	358	359	1901.0	29.99999998232509	14.999999991162545	5400.0	1
722	100	358	363	4541.0	29.99999999260075	14.999999996300375	5400.0	1
723	100	359	202	1320.0	30.0	15.0	1800.0	1
724	100	359	358	1901.0	29.99999998232509	14.999999991162545	5400.0	1
725	100	359	360	1320.0	30.0	15.0	5400.0	1
726	100	360	176	1320.0	30.0	15.0	1800.0	1
727	100	360	359	1320.0	30.0	15.0	5400.0	1
728	100	360	361	1320.0	30.0	15.0	5400.0	1
729	1000	361	33	1320.0	100.62499998742187	50.31249999371094	12600.0	1
730	100	361	48	2640.0	30.0	15.0	5400.0	1
731	100	361	360	1320.0	30.0	15.0	5400.0	1
732	100	361	362	5280.0	30.0	15.0	5400.0	1
733	100	361	378	5280.0	30.0	15.0	5400.0	1
734	1000	362	10	2640.0	30.0	15.0	5400.0	1
735	100	362	361	5280.0	30.0	15.0	5400.0	1
736	100	363	358	4541.0	29.99999999260075	14.999999996300375	5400.0	1
737	100	363	375	739.0	30.000000045466845	15.000000022733422	5400.0	1
738	1000	364	19	2640.0	30.0	15.0	5400.0	1
739	100	364	365	5280.0	30.0	15.0	5400.0	1
740	100	365	158	1320.0	30.0	15.0	1800.0	1
741	100	365	364	5280.0	30.0	15.0	5400.0	1
742	100	365	366	1320.0	30.0	15.0	5400.0	1
743	100	366	124	1320.0	30.0	15.0	1800.0	1
744	100	366	365	1320.0	30.0	15.0	5400.0	1
745	100	366	367	2270.0	29.999999994713654	14.999999997356827	5400.0	1
746	100	367	351	5280.0	30.0	15.0	5400.0	1
747	100	367	366	2270.0	29.999999994713654	14.999999997356827	5400.0	1
748	100	367	368	1901.0	29.99999998232509	14.999999991162545	5400.0	1
749	100	367	384	6019.0	30.000000005582322	15.000000002791161	5400.0	1
750	100	368	367	1901.0	29.99999998232509	14.999999991162545	5400.0	1
751	100	368	369	3749.0	29.999999991037612	14.999999995518806	5400.0	1
752	1000	369	34	1320.0	100.62499998742187	50.31249999371094	12600.0	1
753	100	369	49	2640.0	30.0	15.0	5400.0	1
754	100	369	353	5280.0	30.0	15.0	5400.0	1
755	100	369	368	3749.0	29.999999991037612	14.999999995518806	5400.0	1
756	100	369	370	2640.0	30.0	15.0	5400.0	1
757	100	370	354	5280.0	30.0	15.0	5400.0	1
758	100	370	369	2640.0	30.0	15.0	5400.0	1
759	100	370	371	2640.0	30.0	15.0	5400.0	1
760	100	370	386	5280.0	30.0	15.0	5400.0	1
761	100	371	355	5280.0	30.0	15.0	5400.0	1
762	100	371	370	2640.0	30.0	15.0	5400.0	1
763	100	371	372	5280.0	30.0	15.0	5400.0	1
764	100	371	387	5280.0	30.0	15.0	5400.0	1
765	100	372	356	5280.0	30.0	15.0	5400.0	1
766	100	372	371	5280.0	30.0	15.0	5400.0	1
767	100	372	373	5280.0	30.0	15.0	5400.0	1
768	100	372	388	5280.0	30.0	15.0	5400.0	1
769	1000	373	35	1320.0	100.62499998742187	50.31249999371094	12600.0	1
770	100	373	50	2640.0	30.0	15.0	5400.0	1
771	100	373	357	5280.0	30.0	15.0	5400.0	1
772	100	373	372	5280.0	30.0	15.0	5400.0	1
773	100	373	374	3749.0	29.999999991037612	14.999999995518806	5400.0	1
774	100	374	247	1320.0	30.0	15.0	1800.0	1
775	100	374	373	3749.0	29.999999991037612	14.999999995518806	5400.0	1
776	100	374	375	1531.0	30.00000002194644	15.00000001097322	5400.0	1
777	100	375	219	1320.0	30.0	15.0	1800.0	1
778	100	375	363	739.0	30.000000045466845	15.000000022733422	5400.0	1
779	100	375	374	1531.0	30.00000002194644	15.00000001097322	5400.0	1
780	100	375	376	1901.0	29.99999998232509	14.999999991162545	5400.0	1
781	100	375	390	5280.0	30.0	15.0	5400.0	1
782	100	376	204	1320.0	30.0	15.0	1800.0	1
783	100	376	375	1901.0	29.99999998232509	14.999999991162545	5400.0	1
784	100	376	377	1320.0	30.0	15.0	5400.0	1
785	100	377	174	1320.0	30.0	15.0	1800.0	1
786	100	377	376	1320.0	30.0	15.0	5400.0	1
787	100	377	378	1320.0	30.0	15.0	5400.0	1
788	1000	378	36	1320.0	100.62499998742187	50.31249999371094	12600.0	1
789	100	378	51	2640.0	30.0	15.0	5400.0	1
790	100	378	361	5280.0	30.0	15.0	5400.0	1
791	100	378	377	1320.0	30.0	15.0	5400.0	1
792	100	378	379	5280.0	30.0	15.0	5400.0	1
793	1000	379	9	2640.0	30.0	15.0	5400.0	1
794	100	379	378	5280.0	30.0	15.0	5400.0	1
795	1000	380	19	2640.0	30.0	15.0	5400.0	1
796	100	380	381	5280.0	30.0	15.0	5400.0	1
797	100	381	160	1320.0	30.0	15.0	1800.0	1
798	100	381	380	5280.0	30.0	15.0	5400.0	1
799	100	381	382	1320.0	30.0	15.0	5400.0	1
800	100	382	122	1320.0	30.0	15.0	1800.0	1
801	100	382	381	1320.0	30.0	15.0	5400.0	1
802	100	382	383	1531.0	30.00000002194644	15.00000001097322	5400.0	1
803	100	383	382	1531.0	30.00000002194644	15.00000001097322	5400.0	1
804	100	383	384	1109.0	29.999999969702433	14.999999984851216	5400.0	1
805	100	384	367	6019.0	30.000000005582322	15.000000002791161	5400.0	1
806	100	384	383	1109.0	29.999999969702433	14.999999984851216	5400.0	1
807	100	384	385	5280.0	30.0	15.0	5400.0	1
808	100	384	401	5280.0	30.0	15.0	5400.0	1
809	1000	385	34	1320.0	100.62499998742187	50.31249999371094	12600.0	1
810	100	385	49	2640.0	30.0	15.0	5400.0	1
811	100	385	384	5280.0	30.0	15.0	5400.0	1
812	100	385	386	2640.0	30.0	15.0	5400.0	1
813	100	385	402	5280.0	30.0	15.0	5400.0	1
814	100	386	370	5280.0	30.0	15.0	5400.0	1
815	100	386	385	2640.0	30.0	15.0	5400.0	1
816	100	386	387	2640.0	30.0	15.0	5400.0	1
817	100	386	403	5280.0	30.0	15.0	5400.0	1
818	100	387	371	5280.0	30.0	15.0	5400.0	1
819	100	387	386	2640.0	30.0	15.0	5400.0	1
820	100	387	388	5280.0	30.0	15.0	5400.0	1
821	100	387	404	5280.0	30.0	15.0	5400.0	1
822	100	388	372	5280.0	30.0	15.0	5400.0	1
823	100	388	387	5280.0	30.0	15.0	5400.0	1
824	100	388	389	5280.0	30.0	15.0	5400.0	1
825	100	388	405	5280.0	30.0	15.0	5400.0	1
826	1000	389	35	1320.0	100.62499998742187	50.31249999371094	12600.0	1
827	100	389	50	2640.0	30.0	15.0	5400.0	1
828	100	389	388	5280.0	30.0	15.0	5400.0	1
829	100	389	390	5280.0	30.0	15.0	5400.0	1
830	100	389	406	5280.0	30.0	15.0	5400.0	1
831	100	390	375	5280.0	30.0	15.0	5400.0	1
832	100	390	389	5280.0	30.0	15.0	5400.0	1
833	100	390	391	1901.0	29.99999998232509	14.999999991162545	5400.0	1
834	100	390	407	6811.0	30.000000004933195	15.000000002466598	5400.0	1
835	100	391	249	1320.0	30.0	15.0	1800.0	1
836	100	391	390	1901.0	29.99999998232509	14.999999991162545	5400.0	1
837	100	391	392	1109.0	29.999999969702433	14.999999984851216	5400.0	1
838	100	392	207	1320.0	30.0	15.0	1800.0	1
839	100	392	391	1109.0	29.999999969702433	14.999999984851216	5400.0	1
840	100	392	393	1109.0	29.999999969702433	14.999999984851216	5400.0	1
841	100	393	170	1320.0	30.0	15.0	1800.0	1
842	100	393	392	1109.0	29.999999969702433	14.999999984851216	5400.0	1
843	100	393	394	369.99999999999994	30.000000032432425	15.000000016216212	5400.0	1
844	1000	394	36	1320.0	100.62499998742187	50.31249999371094	12600.0	1
845	100	394	51	2640.0	30.0	15.0	5400.0	1
846	100	394	393	369.99999999999994	30.000000032432425	15.000000016216212	5400.0	1
847	100	394	395	5280.0	30.0	15.0	5400.0	1
848	100	394	396	1531.0	30.00000002194644	15.00000001097322	5400.0	1
849	1000	395	9	2640.0	30.0	15.0	5400.0	1
850	100	395	394	5280.0	30.0	15.0	5400.0	1
851	100	396	215	1320.0	30.0	15.0	1800.0	1
852	100	396	394	1531.0	30.00000002194644	15.00000001097322	5400.0	1
853	100	396	410	5280.0	30.0	15.0	5400.0	1
854	1000	397	20	2640.0	30.0	15.0	5400.0	1
855	100	397	398	5280.0	30.0	15.0	5400.0	1
856	100	398	397	5280.0	30.0	15.0	5400.0	1
857	100	398	399	1531.0	30.00000002194644	15.00000001097322	5400.0	1
858	100	399	163	1320.0	30.0	15.0	1800.0	1
859	100	399	398	1531.0	30.00000002194644	15.00000001097322	5400.0	1
860	100	399	400	1320.0	30.0	15.0	5400.0	1
861	100	400	119	1320.0	30.0	15.0	1800.0	1
862	100	400	399	1320.0	30.0	15.0	5400.0	1
863	100	400	401	369.99999999999994	30.000000032432425	15.000000016216212	5400.0	1
864	1000	401	37	1320.0	100.62499998742187	50.31249999371094	12600.0	1
865	100	401	52	2640.0	30.0	15.0	5400.0	1
866	100	401	384	5280.0	30.0	15.0	5400.0	1
867	100	401	400	369.99999999999994	30.000000032432425	15.000000016216212	5400.0	1
868	1000	402	37	1320.0	100.62499998742187	50.31249999371094	12600.0	1
869	100	402	52	2640.0	30.0	15.0	5400.0	1
870	100	402	385	5280.0	30.0	15.0	5400.0	1
871	100	402	403	2640.0	30.0	15.0	5400.0	1
872	100	402	412	5280.0	30.0	15.0	5400.0	1
873	100	403	386	5280.0	30.0	15.0	5400.0	1
874	100	403	402	2640.0	30.0	15.0	5400.0	1
875	100	403	404	2640.0	30.0	15.0	5400.0	1
876	100	404	387	5280.0	30.0	15.0	5400.0	1
877	100	404	403	2640.0	30.0	15.0	5400.0	1
878	100	404	405	5280.0	30.0	15.0	5400.0	1
879	100	404	413	5280.0	30.0	15.0	5400.0	1
880	100	405	388	5280.0	30.0	15.0	5400.0	1
881	100	405	404	5280.0	30.0	15.0	5400.0	1
882	100	405	406	5280.0	30.0	15.0	5400.0	1
883	100	405	414	5280.0	30.0	15.0	5400.0	1
884	1000	406	38	1320.0	100.62499998742187	50.31249999371094	12600.0	1
885	100	406	53	2851.0	30.000000011785335	15.000000005892668	5400.0	1
886	100	406	389	5280.0	30.0	15.0	5400.0	1
887	100	406	405	5280.0	30.0	15.0	5400.0	1
888	100	406	415	5280.0	30.0	15.0	5400.0	1
889	1000	407	38	1320.0	100.62499998742187	50.31249999371094	12600.0	1
890	100	407	53	2798.0	29.99999999571122	14.99999999785561	5400.0	1
891	100	407	390	6811.0	30.000000004933195	15.000000002466598	5400.0	1
892	100	407	408	2851.0	30.000000011785335	15.000000005892668	5400.0	1
893	100	407	416	5280.0	30.0	15.0	5400.0	1
894	100	408	211	1320.0	30.0	15.0	1800.0	1
895	100	408	407	2851.0	30.000000011785335	15.000000005892668	5400.0	1
896	100	408	409	1320.0	30.0	15.0	5400.0	1
897	100	409	167	1320.0	30.0	15.0	1800.0	1
898	100	409	408	1320.0	30.0	15.0	5400.0	1
899	100	409	410	581.0	29.999999942168674	14.999999971084337	5400.0	1
900	100	410	396	5280.0	30.0	15.0	5400.0	1
901	100	410	409	581.0	29.999999942168674	14.999999971084337	5400.0	1
902	100	410	411	5280.0	30.0	15.0	5400.0	1
903	1000	411	8	2640.0	30.0	15.0	5400.0	1
904	100	411	410	5280.0	30.0	15.0	5400.0	1
905	1000	412	21	2640.0	30.0	15.0	5400.0	1
906	100	412	402	5280.0	30.0	15.0	5400.0	1
907	1000	413	21	2640.0	30.0	15.0	5400.0	1
908	100	413	404	5280.0	30.0	15.0	5400.0	1
909	1000	414	22	2640.0	30.0	15.0	5400.0	1
910	100	414	405	5280.0	30.0	15.0	5400.0	1
911	1000	415	22	2640.0	30.0	15.0	5400.0	1
912	100	415	406	5280.0	30.0	15.0	5400.0	1
913	1000	416	23	2640.0	30.0	15.0	5400.0	1
914	100	416	407	5280.0	30.0	15.0	5400.0	1
